290, 104
288, 104
288, 104
288, 112
287, 113
287, 120
288, 121
288, 128
288, 128
288, 132
290, 133
290, 135
291, 136
291, 138
292, 140
292, 146
292, 148
292, 152
294, 153
294, 155
295, 156
295, 161
296, 162
296, 167
297, 168
297, 171
298, 172
298, 172
298, 174
298, 177
300, 178
300, 186
301, 187
301, 192
302, 192
302, 196
302, 197
302, 202
304, 204
304, 210
304, 211
304, 215
306, 216
306, 218
307, 218
307, 224
308, 224
308, 235
308, 236
308, 242
310, 242
310, 246
311, 247
311, 250
312, 251
312, 254
312, 255
312, 257
314, 258
314, 260
315, 261
315, 268
316, 270
316, 278
317, 280
317, 282
318, 284
318, 286
318, 287
318, 291
320, 292
320, 302
320, 302
320, 306
322, 307
322, 308
322, 310
322, 324
322, 324
322, 327
320, 328
320, 332
320, 332
320, 342
318, 342
318, 349
318, 350
318, 354
317, 355
317, 359
316, 360
316, 364
315, 364
315, 368
314, 369
314, 370
312, 372
312, 374
312, 375
312, 377
311, 378
311, 380
310, 380
310, 382
308, 382
308, 384
308, 384
308, 387
307, 388
307, 390
302, 394
302, 395
302, 396
301, 396
297, 400
296, 400
294, 402
292, 402
287, 408
286, 408
268, 424
268, 424
268, 426
267, 427
266, 427
264, 429
264, 430
262, 432
261, 432
261, 432
254, 440
252, 440
252, 440
252, 442
250, 444
248, 444
248, 444
248, 446
244, 449
244, 450
240, 455
240, 456
235, 460
235, 462
234, 462
232, 462
232, 464
232, 464
228, 469
228, 470
226, 472
224, 472
224, 472
224, 474
216, 482
216, 482
210, 489
210, 490
200, 500
198, 500
196, 502
195, 502
194, 504
190, 504
188, 504
186, 504
184, 506
184, 506
182, 507
182, 507
181, 508
180, 508
176, 512
175, 512
160, 527
160, 528
158, 529
158, 530
156, 532
156, 534
153, 537
153, 538
152, 539
152, 540
151, 542
151, 542
148, 544
148, 546
148, 547
148, 550
146, 550
146, 552
144, 555
144, 556
144, 557
144, 559
143, 560
143, 560
142, 562
142, 562
140, 564
140, 566
136, 570
136, 570
134, 572
134, 574
133, 575
133, 584
134, 586
134, 587
135, 588
135, 589
138, 592
138, 594
141, 596
141, 597
144, 600
144, 600
148, 604
148, 604
151, 607
152, 607
154, 609
155, 609
156, 610
158, 610
160, 612
161, 612
162, 614
164, 614
166, 616
167, 616
168, 618
180, 618
181, 617
182, 617
184, 616
184, 616
186, 615
187, 615
188, 614
190, 614
192, 612
192, 612
197, 608
198, 608
201, 604
201, 604
202, 602
202, 600
211, 592
211, 592
221, 582
222, 582
231, 572
231, 572
235, 568
235, 567
237, 564
237, 564
238, 562
238, 562
238, 560
238, 560
241, 558
241, 557
242, 555
242, 554
244, 552
244, 550
247, 549
247, 548
250, 544
250, 544
254, 540
254, 539
256, 537
256, 536
258, 534
258, 532
261, 530
261, 529
264, 526
264, 524
271, 518
271, 517
272, 515
272, 514
275, 512
275, 510
276, 510
276, 509
278, 506
278, 504
280, 504
280, 502
282, 500
282, 499
286, 496
286, 495
288, 492
288, 492
291, 489
291, 488
295, 484
295, 482
298, 480
298, 479
300, 477
300, 476
302, 474
302, 472
304, 470
304, 469
307, 467
307, 466
308, 464
308, 464
308, 462
308, 462
310, 460
310, 460
311, 459
311, 458
312, 457
312, 456
314, 454
314, 452
315, 452
315, 450
316, 450
316, 449
317, 448
317, 447
318, 446
318, 444
318, 442
318, 440
320, 440
320, 439
322, 437
322, 436
322, 435
322, 432
324, 432
324, 430
324, 429
324, 428
326, 427
326, 424
327, 422
327, 416
328, 415
328, 412
330, 410
336, 410
337, 410
346, 410
347, 410
349, 410
352, 407
352, 407
357, 402
358, 402
359, 402
359, 400
362, 397
362, 396
364, 395
364, 394
366, 392
366, 390
367, 390
367, 388
368, 387
368, 384
369, 384
369, 382
370, 382
370, 364
368, 362
368, 362
367, 360
367, 359
366, 358
366, 356
362, 352
362, 350
362, 350
362, 349
357, 344
356, 344
352, 340
350, 340
350, 340
349, 340
346, 337
346, 336
344, 334
344, 332
342, 330
342, 327
342, 326
342, 320
340, 320
340, 311
342, 310
342, 308
340, 307
340, 298
340, 297
340, 292
339, 291
339, 284
338, 282
338, 271
339, 270
339, 268
340, 267
340, 266
342, 264
342, 262
342, 261
342, 250
342, 248
342, 240
340, 238
340, 237
340, 236
340, 234
339, 232
339, 228
338, 228
338, 224
336, 222
336, 222
334, 220
334, 218
330, 216
330, 215
330, 214
330, 212
328, 211
328, 210
327, 208
327, 206
326, 204
326, 204
324, 202
324, 201
324, 200
324, 198
322, 197
322, 192
322, 191
322, 188
320, 187
320, 186
320, 184
320, 180
318, 178
318, 167
318, 166
318, 162
317, 161
317, 158
316, 156
316, 153
315, 152
315, 144
314, 143
314, 138
312, 138
312, 136
312, 135
312, 128
311, 128
311, 106
310, 104
308, 104
307, 104
