377, 135
376, 136
374, 136
372, 136
372, 136
372, 138
370, 138
370, 138
362, 146
362, 146
360, 148
360, 151
360, 152
360, 164
360, 166
360, 168
362, 168
362, 171
362, 172
362, 178
364, 178
364, 196
364, 197
364, 200
366, 201
366, 202
367, 204
367, 206
368, 207
368, 212
369, 214
369, 216
370, 217
370, 218
370, 220
370, 222
372, 224
372, 232
372, 234
372, 242
374, 244
374, 247
375, 248
375, 252
376, 254
376, 258
377, 260
377, 262
378, 264
378, 266
379, 267
379, 270
380, 271
380, 277
380, 278
380, 282
382, 282
382, 284
382, 286
382, 294
384, 295
384, 302
384, 304
384, 308
386, 308
386, 312
387, 312
387, 318
388, 318
388, 360
387, 362
387, 368
386, 369
386, 370
384, 372
384, 375
384, 376
384, 382
382, 382
382, 390
382, 390
382, 394
380, 395
380, 400
380, 400
380, 412
379, 412
379, 415
377, 417
377, 418
375, 420
374, 420
372, 420
372, 420
370, 422
370, 422
369, 422
368, 422
367, 424
362, 424
362, 422
356, 422
352, 420
350, 420
349, 419
332, 419
332, 418
324, 418
324, 419
310, 419
308, 420
301, 420
300, 419
298, 419
298, 418
297, 418
296, 417
295, 417
294, 416
284, 416
282, 415
280, 415
278, 416
278, 416
276, 418
276, 419
275, 420
275, 422
276, 422
276, 424
277, 426
277, 427
276, 428
276, 429
277, 430
277, 432
278, 432
278, 436
277, 437
277, 438
276, 439
276, 440
274, 442
272, 442
270, 439
270, 438
268, 436
268, 435
267, 434
267, 428
266, 427
266, 424
268, 422
268, 422
271, 420
268, 419
268, 419
266, 417
266, 420
264, 420
264, 422
266, 422
266, 427
264, 428
264, 437
264, 438
264, 455
264, 456
264, 460
266, 460
266, 462
267, 462
267, 464
268, 466
268, 469
268, 470
268, 470
270, 472
270, 472
272, 475
272, 476
275, 479
276, 479
278, 480
278, 480
280, 482
290, 482
295, 477
295, 476
301, 470
302, 470
302, 469
304, 469
304, 468
306, 468
308, 466
308, 466
310, 464
311, 464
312, 464
312, 464
312, 462
316, 460
317, 460
318, 459
320, 459
320, 458
322, 458
322, 457
326, 457
327, 458
328, 458
329, 459
332, 459
334, 458
336, 458
337, 457
339, 457
340, 456
340, 456
342, 455
344, 455
344, 454
347, 454
349, 452
350, 452
352, 450
355, 450
356, 450
358, 450
359, 449
360, 449
360, 448
362, 448
362, 447
364, 447
366, 446
368, 446
370, 444
370, 444
372, 442
372, 442
375, 440
376, 440
380, 436
382, 436
384, 432
384, 432
386, 430
386, 430
388, 428
395, 428
396, 427
399, 427
400, 426
402, 426
404, 428
404, 430
404, 430
404, 432
406, 434
407, 434
408, 435
408, 436
409, 437
409, 438
412, 440
412, 442
412, 442
414, 442
415, 444
416, 444
417, 444
418, 444
419, 446
424, 446
428, 442
429, 442
430, 442
430, 440
430, 439
430, 438
432, 437
432, 436
432, 435
432, 432
429, 432
427, 430
426, 430
424, 430
424, 430
422, 429
422, 429
420, 428
420, 428
419, 427
418, 427
416, 424
415, 424
414, 424
412, 424
412, 424
412, 426
412, 427
410, 428
410, 429
410, 430
408, 428
408, 427
407, 426
407, 422
406, 422
406, 420
404, 419
404, 418
400, 414
400, 404
402, 404
402, 402
402, 400
402, 400
402, 397
402, 396
402, 389
404, 388
404, 387
404, 386
404, 382
406, 382
406, 380
408, 378
408, 374
409, 372
409, 372
410, 370
410, 356
409, 355
409, 352
408, 350
408, 347
407, 346
407, 339
406, 338
406, 328
404, 327
404, 324
404, 322
404, 317
402, 316
402, 312
402, 311
402, 308
400, 308
400, 307
400, 306
400, 304
399, 304
399, 301
398, 300
398, 297
397, 296
397, 292
396, 292
396, 287
395, 286
395, 280
394, 278
394, 275
392, 274
392, 272
392, 271
392, 268
390, 267
390, 264
390, 262
390, 260
389, 258
389, 257
388, 256
388, 248
387, 248
387, 230
386, 228
386, 224
384, 222
384, 221
384, 220
384, 217
382, 216
382, 210
382, 208
382, 204
380, 204
380, 202
380, 201
380, 196
379, 195
379, 184
378, 182
378, 177
379, 176
379, 162
380, 162
380, 148
380, 148
380, 141
380, 140
380, 138
379, 136
379, 136
378, 136
230, 194
230, 195
228, 196
228, 198
230, 200
230, 204
231, 204
231, 211
232, 212
232, 217
232, 218
232, 222
234, 222
234, 224
235, 226
235, 230
236, 231
236, 235
237, 236
237, 238
238, 238
238, 240
238, 241
238, 242
240, 244
240, 248
241, 250
241, 252
242, 254
242, 255
242, 256
242, 260
244, 261
244, 275
244, 276
244, 278
246, 278
246, 280
247, 281
247, 284
248, 286
248, 288
248, 290
248, 291
250, 292
250, 292
251, 294
251, 298
252, 298
252, 304
252, 306
252, 326
252, 327
252, 340
251, 342
251, 350
250, 352
250, 355
248, 356
248, 360
248, 362
248, 372
247, 372
247, 374
246, 375
246, 376
244, 377
244, 378
241, 382
241, 384
237, 388
236, 388
232, 390
232, 390
230, 392
228, 392
227, 395
226, 395
224, 396
224, 396
222, 397
217, 397
216, 396
212, 396
212, 395
211, 395
210, 394
204, 394
202, 392
201, 392
198, 395
198, 395
197, 396
190, 396
188, 395
188, 395
187, 394
187, 392
186, 392
186, 390
184, 390
182, 390
181, 389
178, 389
178, 390
177, 390
172, 394
172, 395
168, 399
168, 400
168, 400
168, 402
167, 402
167, 404
164, 406
164, 407
164, 408
164, 409
162, 410
162, 410
161, 412
161, 415
160, 416
160, 458
161, 459
161, 460
164, 464
164, 464
166, 466
167, 466
168, 467
168, 467
170, 468
172, 468
172, 469
174, 469
175, 468
176, 468
177, 467
178, 467
178, 466
180, 466
180, 464
181, 464
182, 464
182, 462
182, 462
187, 458
187, 456
188, 455
188, 452
190, 450
190, 449
191, 448
191, 444
192, 442
192, 440
194, 439
194, 438
198, 434
198, 434
202, 430
202, 430
204, 430
204, 430
208, 427
208, 427
210, 426
211, 426
212, 424
214, 424
215, 422
216, 422
217, 422
218, 422
220, 420
221, 420
222, 420
222, 420
224, 419
224, 419
226, 418
227, 418
228, 416
230, 416
231, 415
232, 415
232, 414
234, 414
238, 410
238, 410
238, 409
247, 400
247, 400
248, 399
248, 399
250, 398
250, 396
251, 395
251, 394
252, 392
252, 392
255, 389
256, 389
257, 388
260, 388
261, 389
262, 389
264, 390
264, 390
268, 394
270, 394
271, 395
278, 395
278, 394
281, 394
282, 392
282, 390
284, 389
284, 388
286, 387
286, 384
287, 382
287, 366
286, 364
286, 362
284, 360
284, 360
284, 359
284, 358
282, 356
282, 355
278, 352
278, 350
275, 347
275, 346
274, 344
274, 342
272, 340
272, 340
271, 339
271, 338
270, 337
270, 335
268, 334
268, 330
268, 330
268, 317
267, 316
267, 308
266, 307
266, 304
264, 302
264, 302
264, 301
264, 298
262, 298
262, 294
262, 292
262, 292
261, 291
261, 290
260, 288
260, 287
258, 286
258, 281
258, 280
258, 277
257, 276
257, 275
256, 274
256, 270
255, 268
255, 264
254, 262
254, 261
252, 260
252, 257
252, 256
252, 250
251, 248
251, 241
250, 240
250, 234
248, 232
248, 231
248, 230
248, 228
247, 227
247, 224
246, 224
246, 222
244, 221
244, 218
242, 218
242, 216
242, 215
242, 212
240, 211
240, 210
238, 208
238, 204
238, 204
238, 201
237, 200
237, 198
232, 194
