320, 4
318, 6
320, 7
320, 24
320, 25
320, 38
322, 39
322, 46
322, 47
322, 52
324, 53
324, 61
324, 62
324, 68
326, 69
326, 70
327, 72
327, 76
328, 78
328, 80
329, 81
329, 82
330, 83
330, 84
330, 84
330, 86
332, 86
332, 88
334, 90
334, 94
335, 95
335, 103
336, 104
336, 108
337, 110
337, 112
338, 113
338, 114
339, 115
339, 120
340, 121
340, 136
340, 136
340, 143
342, 144
342, 151
342, 152
342, 158
344, 158
344, 166
344, 167
344, 172
346, 172
346, 178
347, 180
347, 184
348, 184
348, 190
349, 191
349, 197
350, 198
350, 202
350, 202
350, 207
352, 208
352, 210
352, 211
352, 212
354, 214
354, 215
355, 216
355, 218
356, 220
356, 242
355, 244
355, 247
354, 248
354, 248
352, 250
352, 252
352, 252
352, 258
350, 258
350, 261
350, 262
350, 262
349, 264
349, 266
348, 267
348, 272
347, 272
347, 276
346, 277
346, 278
344, 278
344, 280
344, 281
344, 282
342, 282
342, 284
340, 287
339, 287
338, 288
336, 288
335, 288
328, 288
327, 288
320, 288
320, 288
317, 288
316, 290
314, 290
312, 291
311, 291
310, 292
307, 292
306, 292
304, 292
304, 294
302, 294
297, 300
296, 300
294, 302
292, 302
290, 304
288, 304
288, 306
286, 306
284, 308
282, 308
282, 308
280, 308
278, 310
278, 310
277, 311
275, 311
274, 312
262, 312
262, 311
258, 311
257, 310
252, 310
252, 308
247, 308
246, 308
244, 308
232, 296
231, 296
228, 294
228, 294
227, 292
226, 292
224, 292
216, 292
215, 291
212, 291
211, 290
210, 290
208, 288
208, 290
206, 290
204, 291
202, 291
201, 292
197, 292
196, 292
195, 292
192, 295
192, 295
188, 298
188, 300
188, 301
188, 304
187, 304
187, 308
186, 308
186, 312
184, 314
184, 318
184, 320
184, 332
184, 334
184, 339
186, 340
186, 340
188, 342
188, 344
188, 344
188, 346
190, 347
190, 348
191, 349
191, 350
192, 352
192, 352
198, 358
198, 358
202, 360
204, 360
204, 362
218, 362
218, 360
222, 360
224, 360
226, 360
227, 359
228, 359
230, 358
234, 358
235, 357
238, 357
238, 356
241, 356
242, 355
248, 355
248, 354
255, 354
256, 352
257, 352
258, 352
260, 352
261, 350
264, 350
264, 350
272, 350
274, 349
278, 349
280, 348
284, 348
284, 347
294, 347
295, 346
297, 346
298, 344
298, 344
300, 344
301, 344
302, 342
302, 342
304, 340
307, 340
308, 340
311, 340
312, 339
315, 339
316, 338
318, 338
318, 337
320, 337
320, 336
324, 336
326, 335
332, 335
332, 334
336, 334
337, 332
339, 332
340, 332
342, 332
344, 330
344, 330
346, 330
347, 330
349, 328
350, 328
350, 327
352, 327
352, 326
354, 326
355, 324
356, 324
357, 324
358, 324
359, 324
360, 324
364, 329
364, 330
366, 332
367, 330
372, 330
374, 332
375, 332
377, 334
378, 334
379, 335
380, 335
382, 337
390, 337
390, 336
392, 336
392, 335
394, 335
395, 334
396, 334
399, 330
399, 330
400, 329
400, 328
402, 326
402, 324
402, 324
402, 322
404, 320
404, 320
404, 318
404, 308
406, 307
406, 288
404, 288
404, 284
404, 284
404, 282
402, 282
402, 280
402, 278
402, 277
398, 272
398, 272
397, 271
397, 270
392, 266
392, 264
392, 262
392, 262
390, 261
390, 260
390, 258
390, 258
389, 257
389, 256
388, 255
388, 254
387, 252
387, 252
386, 251
386, 248
384, 247
384, 246
384, 244
384, 242
382, 242
382, 235
382, 234
382, 231
380, 230
380, 228
379, 227
379, 222
378, 221
378, 218
376, 217
376, 215
375, 214
375, 208
374, 208
374, 204
372, 204
372, 202
372, 201
372, 198
370, 197
370, 192
370, 192
370, 188
369, 188
369, 187
368, 186
368, 184
367, 182
367, 175
366, 174
366, 170
364, 168
364, 167
364, 166
364, 162
362, 162
362, 156
362, 156
362, 154
360, 153
360, 151
360, 150
360, 146
359, 146
359, 141
358, 140
358, 136
357, 136
357, 133
356, 132
356, 128
355, 126
355, 121
354, 120
354, 116
352, 115
352, 112
352, 111
352, 108
350, 106
350, 100
350, 98
350, 94
349, 93
349, 91
348, 90
348, 86
347, 86
347, 80
346, 79
346, 76
344, 76
344, 75
344, 74
344, 70
342, 70
342, 62
342, 61
342, 57
340, 56
340, 52
340, 51
340, 21
340, 20
340, 19
342, 18
342, 17
342, 16
342, 15
344, 14
344, 12
344, 11
344, 9
344, 8
344, 6
342, 5
340, 5
340, 4
556, 181
555, 182
554, 182
552, 182
552, 182
550, 184
550, 184
549, 184
549, 186
548, 187
548, 188
547, 190
547, 206
548, 207
548, 208
549, 210
549, 211
550, 212
554, 212
556, 214
556, 215
558, 217
558, 218
560, 220
560, 221
560, 222
560, 222
562, 224
562, 226
564, 227
564, 228
564, 230
564, 257
564, 258
564, 260
562, 261
562, 264
562, 266
562, 268
560, 268
560, 272
560, 272
560, 275
559, 276
559, 281
558, 282
558, 284
557, 286
557, 290
556, 291
556, 294
555, 295
555, 300
554, 301
554, 306
552, 307
552, 312
552, 314
552, 318
550, 320
550, 324
550, 324
550, 329
549, 330
549, 334
548, 335
548, 342
547, 342
547, 346
546, 347
546, 350
544, 350
544, 352
544, 354
544, 356
542, 357
542, 360
542, 360
542, 362
540, 364
540, 368
540, 369
540, 379
539, 380
539, 395
538, 396
538, 399
537, 400
537, 402
536, 404
536, 408
535, 409
535, 412
534, 412
534, 418
532, 419
532, 435
534, 436
534, 442
535, 442
536, 444
537, 444
542, 449
542, 450
542, 450
542, 452
544, 452
544, 454
544, 455
544, 456
546, 457
546, 458
547, 459
547, 460
548, 460
548, 462
549, 464
549, 467
550, 468
550, 470
552, 472
552, 472
552, 474
552, 477
554, 477
554, 472
555, 472
555, 462
554, 462
554, 455
555, 454
555, 446
554, 444
554, 430
552, 430
552, 426
552, 424
552, 420
550, 419
550, 404
552, 404
552, 399
552, 398
552, 395
554, 394
554, 390
555, 390
555, 386
556, 384
556, 380
557, 379
557, 377
558, 376
558, 372
559, 372
559, 368
560, 367
560, 359
560, 358
560, 356
562, 355
562, 352
562, 352
562, 348
564, 347
564, 340
564, 340
564, 337
566, 336
566, 334
567, 332
567, 329
568, 328
568, 324
569, 324
569, 322
570, 320
570, 318
570, 317
570, 312
572, 312
572, 308
572, 308
572, 304
574, 302
574, 284
575, 282
575, 277
576, 276
576, 272
577, 271
577, 268
578, 268
578, 266
579, 264
579, 260
578, 258
578, 257
580, 255
582, 255
582, 256
582, 257
584, 258
586, 258
586, 250
587, 248
587, 187
586, 186
586, 184
584, 182
582, 182
582, 182
578, 182
577, 181
572, 208
572, 208
572, 231
572, 232
572, 238
574, 238
574, 251
572, 252
572, 301
574, 302
574, 302
574, 282
575, 281
575, 277
576, 276
576, 272
577, 272
577, 271
579, 268
579, 268
580, 267
580, 262
580, 262
580, 261
580, 260
580, 258
580, 257
582, 258
582, 261
584, 261
587, 262
587, 264
588, 264
588, 266
589, 267
589, 268
590, 268
590, 270
590, 271
590, 272
592, 272
592, 275
592, 276
592, 278
595, 280
595, 281
596, 282
596, 284
597, 284
597, 286
598, 287
598, 288
599, 288
599, 292
598, 294
598, 298
597, 300
597, 306
596, 307
596, 308
595, 308
595, 322
594, 324
594, 324
592, 326
592, 330
592, 330
592, 332
590, 332
590, 336
590, 337
590, 338
584, 344
584, 344
582, 346
582, 346
580, 347
580, 346
576, 346
575, 347
574, 347
574, 354
572, 355
572, 359
574, 360
574, 367
575, 368
575, 369
576, 369
577, 370
579, 370
580, 370
580, 370
582, 372
584, 372
584, 372
588, 372
589, 372
594, 372
595, 372
596, 372
597, 374
600, 374
600, 372
606, 372
607, 372
608, 372
609, 370
612, 370
612, 372
614, 372
615, 372
615, 374
614, 375
612, 375
610, 377
610, 378
612, 379
612, 380
612, 380
612, 382
612, 382
612, 387
612, 388
612, 392
617, 392
622, 388
622, 388
624, 387
626, 387
629, 390
629, 392
630, 394
630, 395
630, 396
630, 399
630, 400
630, 402
629, 404
629, 406
628, 407
628, 418
627, 419
627, 422
626, 422
626, 424
624, 426
624, 428
624, 429
624, 430
622, 432
622, 432
619, 437
619, 438
616, 440
615, 440
612, 442
612, 444
612, 446
612, 447
610, 448
610, 450
610, 452
610, 456
609, 457
609, 458
610, 459
610, 462
610, 462
610, 466
612, 467
612, 478
610, 479
610, 482
610, 482
610, 484
609, 486
609, 487
608, 488
608, 492
607, 494
607, 499
606, 500
606, 504
604, 504
604, 509
604, 510
604, 515
602, 516
602, 518
600, 520
600, 522
600, 522
600, 526
599, 527
599, 530
598, 532
598, 532
597, 534
597, 538
596, 539
596, 542
595, 544
595, 546
594, 547
594, 548
592, 549
592, 550
592, 550
592, 552
590, 554
590, 556
590, 557
590, 559
589, 560
589, 562
588, 564
588, 566
587, 567
587, 569
586, 570
586, 570
584, 572
584, 572
584, 574
584, 575
582, 576
582, 577
582, 578
582, 580
580, 582
579, 582
578, 584
577, 584
576, 582
575, 582
574, 582
574, 580
575, 579
575, 574
574, 572
574, 570
574, 584
572, 584
572, 588
574, 589
572, 590
572, 607
572, 608
572, 639
590, 639
590, 632
590, 632
590, 627
592, 626
592, 620
592, 619
592, 616
594, 615
594, 612
595, 612
595, 610
596, 609
596, 608
597, 607
597, 604
598, 602
598, 599
599, 598
599, 590
600, 590
600, 584
600, 582
600, 580
602, 580
602, 577
602, 576
602, 572
604, 570
604, 568
604, 567
604, 566
606, 564
606, 562
607, 562
607, 560
608, 560
608, 558
609, 557
609, 556
610, 555
610, 552
610, 550
610, 547
612, 546
612, 542
612, 542
612, 538
614, 537
614, 534
615, 532
615, 529
616, 528
616, 524
617, 522
617, 520
618, 520
618, 517
619, 516
619, 512
620, 512
620, 510
620, 509
620, 507
622, 506
622, 504
622, 502
622, 499
624, 498
624, 495
624, 494
624, 492
626, 492
626, 490
627, 489
627, 487
628, 486
628, 480
629, 480
629, 479
630, 478
630, 474
630, 472
630, 470
632, 469
632, 464
632, 464
632, 462
634, 462
634, 460
635, 459
635, 457
636, 456
636, 455
638, 452
639, 452
639, 258
638, 258
636, 257
636, 256
635, 255
635, 254
634, 252
634, 252
632, 251
632, 250
632, 248
630, 248
626, 244
626, 242
620, 237
620, 235
619, 234
619, 232
618, 231
618, 227
617, 226
617, 224
618, 222
618, 221
620, 218
622, 218
622, 218
624, 218
624, 220
630, 220
632, 221
634, 221
638, 217
639, 217
639, 208
612, 208
610, 208
