352, 164
352, 164
350, 164
349, 166
350, 167
350, 171
352, 174
354, 174
356, 172
356, 170
357, 168
358, 168
359, 170
359, 172
360, 174
360, 175
360, 176
360, 178
359, 181
359, 184
360, 184
359, 186
359, 187
358, 188
358, 194
356, 196
356, 204
355, 204
355, 206
356, 207
356, 214
357, 215
357, 218
358, 218
358, 221
359, 222
359, 224
360, 226
360, 238
360, 240
360, 242
362, 244
362, 246
362, 247
362, 254
364, 255
364, 262
364, 262
364, 264
366, 266
366, 267
367, 268
367, 271
368, 272
368, 286
369, 287
369, 288
370, 288
370, 290
370, 291
370, 295
372, 296
372, 318
372, 318
372, 324
374, 326
374, 338
372, 339
372, 340
372, 342
372, 344
370, 346
370, 347
370, 348
370, 349
369, 350
369, 350
368, 352
368, 355
367, 356
367, 358
366, 359
366, 360
364, 360
364, 362
364, 364
364, 367
362, 368
362, 369
360, 370
360, 372
360, 372
360, 376
359, 377
359, 378
357, 380
357, 380
356, 382
356, 384
355, 384
355, 386
352, 389
352, 390
350, 392
350, 392
348, 396
348, 397
346, 399
344, 399
344, 400
339, 400
338, 400
334, 400
332, 402
332, 402
330, 402
328, 402
327, 404
314, 404
312, 404
310, 404
308, 406
308, 406
307, 407
304, 407
302, 408
291, 408
290, 409
284, 409
284, 410
282, 410
281, 410
277, 410
276, 412
264, 412
262, 412
258, 412
257, 414
255, 414
254, 415
251, 415
250, 416
237, 416
236, 415
235, 415
232, 412
232, 412
231, 412
228, 412
228, 410
227, 410
224, 409
222, 409
222, 408
218, 408
218, 407
217, 407
216, 406
215, 406
214, 404
211, 404
210, 404
190, 404
188, 404
184, 404
184, 406
184, 407
181, 410
181, 412
180, 412
180, 430
178, 430
178, 432
178, 432
178, 434
177, 435
177, 438
178, 439
178, 440
178, 440
178, 442
180, 444
180, 452
181, 454
181, 456
182, 458
182, 459
184, 460
184, 462
184, 462
184, 464
188, 467
188, 468
188, 469
188, 470
190, 470
194, 474
195, 474
196, 475
198, 475
198, 476
200, 476
202, 478
208, 478
208, 479
210, 479
211, 478
217, 478
218, 477
218, 477
220, 476
224, 476
224, 475
242, 475
242, 474
248, 474
250, 472
254, 472
255, 472
261, 472
262, 470
267, 470
268, 470
271, 470
272, 469
272, 469
274, 468
278, 468
280, 467
284, 467
286, 466
288, 466
290, 464
292, 464
294, 464
301, 464
302, 462
307, 462
308, 462
310, 462
311, 460
312, 460
314, 460
315, 460
316, 459
317, 459
318, 457
318, 456
320, 454
320, 452
324, 450
324, 450
326, 449
329, 449
330, 448
330, 449
334, 449
335, 448
338, 448
339, 447
344, 447
346, 448
347, 448
348, 449
350, 449
352, 450
354, 450
355, 449
356, 449
357, 448
362, 448
364, 450
366, 449
366, 438
367, 437
367, 429
368, 428
368, 424
370, 422
370, 424
370, 426
372, 427
372, 429
375, 432
375, 432
376, 434
376, 436
377, 437
377, 438
378, 438
379, 439
379, 440
384, 446
386, 446
387, 447
389, 447
390, 448
390, 448
392, 449
392, 449
394, 450
404, 450
406, 449
407, 449
408, 448
409, 448
410, 447
412, 447
412, 446
414, 446
417, 442
418, 442
424, 437
424, 436
424, 435
426, 435
426, 434
427, 432
427, 432
428, 430
428, 430
429, 429
429, 428
430, 427
430, 424
430, 422
430, 410
430, 410
430, 406
428, 404
428, 402
427, 402
427, 400
426, 399
426, 397
424, 397
424, 396
424, 395
422, 394
422, 392
422, 392
422, 390
419, 387
419, 384
418, 384
418, 382
416, 380
415, 380
412, 379
412, 379
409, 376
408, 376
400, 369
400, 352
400, 350
400, 344
399, 342
399, 338
398, 337
398, 332
397, 332
397, 330
396, 330
396, 327
395, 326
395, 322
394, 322
394, 318
392, 318
392, 317
392, 316
392, 312
390, 311
390, 307
390, 306
390, 302
389, 302
389, 300
388, 298
388, 296
387, 295
387, 291
386, 290
386, 284
384, 282
384, 277
384, 276
384, 272
382, 271
382, 262
382, 262
382, 258
380, 257
380, 255
380, 254
380, 251
379, 250
379, 247
378, 246
378, 244
377, 242
377, 242
376, 241
376, 238
375, 237
375, 227
376, 226
376, 218
375, 217
375, 211
374, 210
374, 204
372, 202
372, 202
370, 201
370, 198
370, 197
370, 196
369, 195
369, 194
367, 194
364, 192
364, 188
364, 188
364, 182
362, 181
362, 178
362, 178
362, 177
362, 176
362, 168
362, 167
362, 166
360, 164
355, 164
354, 164
