317, 208
316, 208
316, 210
314, 212
282, 212
281, 212
280, 212
280, 217
282, 218
287, 218
288, 220
290, 220
291, 221
294, 221
295, 222
298, 222
298, 222
314, 222
315, 224
316, 224
318, 226
320, 226
320, 227
327, 227
328, 228
329, 228
332, 231
332, 231
336, 234
336, 238
335, 238
335, 242
334, 244
334, 246
332, 247
332, 250
332, 251
332, 258
330, 260
330, 262
329, 264
329, 266
328, 267
328, 270
327, 271
327, 272
326, 274
326, 275
324, 276
324, 278
324, 280
324, 288
322, 290
322, 291
320, 292
320, 295
320, 296
320, 302
318, 304
318, 306
317, 308
317, 310
316, 311
316, 316
315, 317
315, 318
312, 320
312, 322
312, 322
312, 328
311, 329
311, 330
308, 332
308, 332
308, 334
308, 340
307, 340
307, 342
304, 344
304, 352
302, 352
302, 355
301, 357
301, 358
300, 359
300, 366
298, 367
298, 368
298, 369
297, 369
297, 370
296, 372
296, 378
295, 379
295, 380
292, 382
292, 384
292, 384
292, 390
291, 392
291, 394
288, 396
288, 397
288, 398
288, 402
287, 404
287, 404
284, 407
284, 408
284, 409
284, 414
281, 417
280, 417
277, 420
275, 420
274, 420
272, 420
272, 422
272, 422
272, 429
271, 430
271, 430
268, 432
268, 434
268, 435
268, 438
264, 442
264, 442
262, 444
262, 444
258, 448
257, 448
256, 449
255, 449
248, 455
248, 456
248, 457
248, 459
244, 462
244, 462
242, 464
242, 466
242, 467
241, 467
240, 468
240, 469
236, 472
236, 474
232, 478
232, 499
232, 500
232, 500
235, 502
236, 502
240, 507
242, 507
244, 510
246, 510
247, 510
267, 510
268, 510
270, 510
271, 509
272, 509
272, 508
274, 508
275, 507
278, 507
278, 506
280, 506
280, 504
281, 504
282, 504
282, 502
284, 502
288, 499
290, 499
291, 498
291, 497
292, 495
294, 495
295, 494
295, 492
298, 489
298, 488
300, 487
300, 486
302, 484
302, 482
302, 482
302, 478
304, 477
304, 476
304, 475
306, 475
307, 474
308, 474
308, 472
311, 472
312, 472
316, 472
317, 472
318, 472
320, 475
320, 476
320, 477
320, 479
324, 482
324, 488
324, 489
324, 496
326, 497
326, 498
327, 499
327, 500
329, 502
329, 504
330, 504
330, 484
327, 482
327, 476
326, 475
326, 472
327, 472
327, 470
329, 468
339, 468
340, 469
346, 469
347, 468
350, 468
350, 467
362, 467
362, 466
364, 466
364, 464
366, 464
367, 464
368, 464
369, 462
372, 462
374, 462
375, 462
378, 459
382, 459
384, 458
384, 458
387, 456
388, 456
389, 455
394, 455
398, 450
404, 450
409, 447
415, 447
416, 446
417, 446
419, 444
420, 444
420, 442
426, 442
429, 440
430, 440
430, 439
434, 439
435, 438
436, 438
438, 436
439, 436
440, 435
446, 435
449, 432
450, 432
450, 430
458, 430
459, 430
460, 430
462, 428
464, 428
466, 427
470, 427
470, 426
470, 424
472, 422
475, 422
480, 418
480, 417
482, 414
482, 412
484, 412
484, 410
486, 409
486, 406
487, 404
487, 399
488, 398
488, 397
490, 394
490, 382
490, 380
490, 380
486, 376
482, 376
482, 375
480, 375
480, 376
470, 376
469, 377
466, 377
464, 379
462, 379
462, 380
457, 380
456, 380
456, 382
454, 384
452, 384
452, 384
450, 384
449, 387
448, 387
447, 388
446, 388
444, 390
444, 390
436, 399
435, 399
434, 400
424, 400
424, 400
422, 400
420, 402
420, 402
419, 404
410, 404
409, 404
408, 404
408, 406
407, 407
406, 407
404, 408
400, 408
399, 409
398, 409
396, 410
395, 410
394, 412
387, 412
386, 412
384, 412
384, 414
382, 414
382, 415
377, 415
376, 416
372, 416
372, 417
372, 418
370, 419
370, 419
369, 420
362, 420
360, 420
360, 420
358, 422
355, 422
354, 424
349, 424
344, 428
334, 428
330, 424
330, 422
330, 422
330, 420
328, 419
328, 418
327, 417
327, 415
324, 412
324, 410
322, 410
322, 409
320, 406
320, 404
318, 404
318, 400
318, 400
318, 398
317, 397
317, 395
316, 394
316, 390
317, 389
317, 386
318, 384
318, 380
318, 380
318, 370
320, 370
320, 368
322, 366
322, 362
322, 362
322, 354
324, 352
324, 352
326, 350
326, 349
327, 348
327, 344
328, 344
328, 342
329, 340
329, 339
330, 338
330, 334
330, 332
330, 327
332, 326
332, 324
334, 322
334, 322
335, 320
335, 318
336, 317
336, 316
338, 314
338, 312
339, 311
339, 302
340, 302
340, 300
342, 298
342, 295
342, 294
342, 284
344, 284
344, 282
346, 280
346, 278
347, 278
347, 275
348, 274
348, 272
349, 272
349, 271
350, 270
350, 268
350, 268
350, 258
352, 257
352, 256
354, 254
354, 252
355, 251
355, 244
356, 242
356, 242
357, 241
357, 240
359, 238
359, 234
362, 231
384, 231
386, 230
387, 230
388, 228
388, 228
389, 227
389, 224
388, 224
386, 222
382, 222
380, 222
379, 222
378, 221
375, 221
374, 220
369, 220
366, 217
364, 217
364, 216
362, 216
359, 212
358, 212
357, 212
348, 212
347, 211
344, 211
342, 208
342, 208
340, 208
