262, 248
261, 248
258, 248
257, 250
256, 250
255, 251
248, 251
248, 250
247, 250
246, 248
238, 248
237, 250
236, 250
235, 251
234, 251
232, 252
200, 252
198, 251
192, 251
191, 252
190, 252
188, 252
188, 254
192, 257
192, 257
194, 258
196, 258
197, 258
228, 258
230, 260
231, 260
232, 262
234, 262
235, 262
238, 262
240, 264
241, 264
242, 266
242, 267
244, 268
244, 281
242, 282
242, 282
242, 284
241, 284
240, 284
240, 291
238, 292
238, 292
237, 295
237, 296
236, 297
236, 304
235, 306
235, 307
232, 308
232, 311
232, 312
232, 317
231, 318
231, 318
230, 320
228, 320
228, 320
228, 322
228, 326
224, 329
224, 330
224, 330
224, 337
220, 340
220, 349
218, 350
218, 350
218, 352
217, 352
217, 352
216, 354
216, 360
215, 360
215, 362
214, 362
214, 364
212, 364
212, 366
212, 367
212, 370
211, 372
211, 372
208, 375
208, 376
208, 377
208, 380
207, 382
207, 382
206, 384
204, 384
204, 384
204, 386
202, 388
200, 388
198, 389
198, 389
197, 390
197, 390
196, 392
196, 394
194, 396
192, 396
184, 404
184, 406
182, 408
181, 408
180, 409
180, 430
181, 430
181, 432
184, 435
184, 436
186, 438
187, 438
188, 439
190, 439
192, 440
192, 442
192, 442
198, 442
198, 442
200, 442
202, 440
202, 440
204, 439
206, 439
214, 430
215, 430
218, 427
218, 426
220, 424
220, 422
221, 420
221, 418
222, 417
222, 414
221, 412
221, 412
220, 410
220, 408
221, 407
221, 406
222, 404
224, 404
224, 402
227, 404
227, 406
228, 407
228, 412
227, 414
227, 416
226, 417
226, 419
227, 420
227, 428
228, 429
228, 432
228, 432
230, 432
231, 434
232, 434
232, 435
237, 435
238, 436
238, 436
242, 439
254, 439
255, 440
257, 440
258, 442
260, 442
261, 442
281, 442
282, 444
284, 444
287, 446
288, 446
290, 447
310, 447
311, 448
312, 448
315, 450
316, 450
317, 450
336, 450
337, 452
339, 452
340, 454
342, 454
344, 455
364, 455
368, 458
369, 458
370, 459
370, 459
372, 460
372, 460
375, 462
376, 462
377, 462
378, 462
379, 464
380, 464
380, 464
382, 464
382, 466
384, 466
384, 467
404, 467
404, 466
406, 466
409, 462
410, 462
412, 460
414, 460
418, 456
418, 455
419, 454
419, 452
422, 449
422, 448
426, 444
426, 442
427, 442
427, 440
426, 440
426, 439
424, 438
424, 437
424, 436
424, 434
422, 432
422, 426
418, 420
415, 420
414, 420
400, 420
400, 419
399, 419
397, 417
390, 417
390, 416
387, 416
386, 417
380, 417
379, 418
378, 418
377, 419
376, 419
375, 420
370, 420
366, 424
362, 424
362, 424
360, 424
358, 428
357, 428
354, 424
352, 424
352, 424
332, 424
330, 422
326, 422
324, 422
322, 422
322, 420
317, 420
316, 420
304, 420
304, 419
301, 419
300, 418
298, 418
298, 417
292, 417
292, 416
278, 416
278, 415
264, 415
262, 414
262, 414
261, 412
258, 412
258, 412
252, 412
251, 410
250, 410
248, 409
248, 408
247, 407
247, 406
242, 402
242, 397
242, 396
241, 396
238, 394
238, 389
238, 388
237, 388
235, 386
235, 382
234, 382
234, 380
231, 378
231, 374
230, 372
230, 372
228, 370
228, 367
228, 366
228, 364
230, 364
230, 362
231, 362
231, 357
232, 356
232, 355
234, 352
234, 352
235, 350
235, 344
236, 344
236, 342
238, 340
238, 340
238, 339
238, 332
242, 329
242, 322
244, 320
244, 320
247, 317
247, 311
248, 310
248, 308
250, 307
250, 306
251, 304
251, 300
252, 298
252, 298
254, 296
254, 295
255, 294
255, 286
256, 284
256, 282
257, 282
257, 281
258, 280
258, 278
258, 278
258, 272
262, 268
262, 264
264, 262
266, 262
267, 262
268, 262
268, 261
272, 256
287, 256
288, 255
292, 255
294, 254
292, 252
292, 252
288, 248
286, 248
284, 248
