412, 212
412, 212
408, 212
406, 215
404, 215
402, 216
397, 216
396, 217
395, 217
392, 218
390, 218
390, 220
384, 220
384, 221
380, 221
379, 222
378, 222
374, 226
375, 227
375, 228
377, 231
377, 232
378, 232
380, 232
384, 237
384, 238
384, 240
384, 241
382, 242
382, 244
380, 244
380, 247
382, 248
382, 248
384, 248
384, 250
384, 251
384, 254
382, 255
382, 258
382, 258
382, 264
382, 266
382, 271
384, 272
384, 275
384, 276
384, 278
387, 280
387, 281
388, 282
388, 282
390, 284
390, 286
392, 288
392, 288
395, 292
395, 292
396, 294
396, 295
399, 298
399, 298
400, 300
400, 304
400, 304
400, 307
402, 308
402, 310
404, 311
404, 314
404, 315
404, 318
406, 318
406, 320
407, 322
407, 322
408, 324
408, 326
409, 327
409, 334
408, 335
408, 347
407, 348
407, 350
404, 352
404, 354
400, 357
400, 358
400, 359
400, 362
396, 366
396, 370
392, 374
392, 376
389, 379
388, 379
387, 380
372, 380
372, 380
370, 380
369, 382
367, 382
366, 384
360, 384
358, 386
357, 386
356, 387
352, 387
350, 388
348, 388
347, 387
342, 387
342, 388
327, 388
326, 389
318, 389
317, 390
316, 390
315, 390
312, 390
312, 392
310, 392
308, 392
304, 392
302, 394
301, 394
300, 395
295, 395
294, 396
292, 395
290, 395
287, 392
287, 390
284, 389
284, 389
282, 388
278, 388
278, 387
276, 387
274, 384
272, 384
271, 384
268, 384
267, 382
267, 380
262, 377
262, 376
258, 372
258, 372
257, 370
256, 370
254, 369
252, 369
252, 368
250, 368
246, 364
244, 364
244, 362
244, 362
242, 360
241, 360
238, 358
238, 357
238, 356
237, 356
234, 352
232, 352
232, 352
222, 352
221, 350
220, 350
218, 350
218, 349
217, 347
217, 342
218, 342
218, 340
218, 340
218, 338
218, 337
217, 337
212, 332
212, 330
210, 329
208, 329
208, 330
208, 330
208, 392
212, 397
212, 398
212, 399
214, 399
216, 400
216, 402
217, 402
218, 402
220, 404
220, 406
221, 407
222, 407
224, 409
224, 410
227, 412
227, 414
226, 415
224, 415
221, 419
217, 419
216, 420
212, 420
212, 420
211, 420
211, 422
208, 424
208, 430
210, 430
210, 432
211, 432
211, 439
210, 440
210, 442
212, 444
212, 444
212, 446
214, 446
215, 447
215, 448
216, 449
216, 450
218, 452
218, 454
220, 455
220, 456
222, 459
224, 459
227, 462
228, 462
228, 462
236, 462
237, 464
238, 464
241, 466
246, 466
247, 464
248, 464
248, 464
251, 464
252, 462
258, 462
258, 462
261, 462
262, 460
264, 460
264, 459
266, 459
270, 455
271, 455
274, 452
275, 452
276, 450
284, 450
284, 450
288, 450
288, 449
292, 449
294, 448
296, 448
297, 447
302, 447
302, 446
317, 446
318, 444
318, 444
320, 444
320, 444
322, 442
330, 442
330, 442
340, 442
340, 440
342, 440
344, 440
347, 440
348, 439
362, 439
364, 438
367, 438
368, 437
369, 437
370, 436
372, 436
372, 435
382, 435
384, 434
388, 434
389, 432
390, 432
392, 432
395, 432
396, 430
400, 430
400, 430
402, 430
404, 427
406, 427
407, 426
409, 426
410, 424
412, 424
412, 422
415, 422
416, 422
418, 422
420, 424
422, 424
422, 426
426, 426
426, 424
428, 422
428, 422
430, 420
430, 416
430, 415
430, 409
430, 408
430, 407
428, 404
428, 404
427, 402
427, 400
426, 400
426, 397
428, 395
428, 394
429, 392
430, 392
430, 394
430, 395
432, 396
432, 399
432, 400
432, 402
435, 404
435, 406
436, 407
436, 409
440, 412
440, 414
449, 422
450, 422
454, 427
458, 427
460, 430
462, 430
464, 430
482, 430
484, 430
484, 430
487, 428
488, 428
489, 427
490, 427
490, 426
490, 424
492, 422
494, 422
495, 422
495, 409
494, 408
494, 407
490, 404
490, 402
488, 400
487, 400
486, 399
484, 399
484, 398
484, 397
482, 396
482, 394
480, 392
480, 392
479, 390
478, 390
475, 388
475, 387
474, 386
474, 384
470, 382
470, 378
464, 372
464, 372
460, 369
460, 369
459, 368
452, 368
450, 364
449, 364
448, 364
448, 362
447, 362
447, 360
446, 360
446, 359
444, 357
444, 356
442, 355
442, 350
442, 350
442, 349
439, 346
439, 340
438, 339
438, 335
442, 330
442, 328
440, 327
440, 326
440, 324
440, 322
439, 322
439, 320
438, 318
438, 318
436, 316
436, 315
435, 314
435, 312
434, 312
434, 310
430, 306
430, 304
429, 302
429, 302
428, 302
426, 300
426, 298
424, 296
424, 295
422, 294
422, 294
415, 287
415, 284
414, 282
414, 282
410, 278
410, 277
407, 272
407, 271
406, 270
406, 268
404, 268
404, 267
404, 266
404, 264
402, 264
402, 262
399, 258
399, 254
398, 252
398, 251
397, 250
397, 248
396, 248
396, 247
395, 246
395, 244
396, 244
396, 242
402, 236
404, 236
404, 235
408, 235
409, 234
410, 234
412, 231
415, 231
416, 230
417, 230
419, 228
420, 228
422, 227
424, 227
426, 226
427, 226
430, 222
432, 222
432, 221
432, 220
434, 218
434, 217
432, 216
432, 216
430, 214
429, 214
428, 212
417, 212
416, 212
549, 204
548, 204
547, 204
547, 207
548, 208
548, 212
547, 214
547, 215
544, 217
544, 218
544, 218
544, 222
540, 226
540, 228
539, 230
539, 231
538, 232
537, 232
537, 232
536, 234
536, 237
532, 241
532, 244
530, 246
530, 247
530, 248
529, 248
529, 248
528, 250
528, 251
527, 252
527, 252
524, 255
524, 256
524, 257
524, 258
522, 260
522, 261
520, 264
520, 266
519, 267
519, 268
517, 270
517, 271
516, 272
516, 275
515, 276
515, 277
512, 278
512, 280
512, 281
512, 282
510, 284
509, 284
508, 284
506, 284
504, 286
504, 287
504, 288
504, 290
500, 294
500, 295
498, 297
498, 298
497, 298
497, 302
496, 302
496, 304
494, 306
494, 307
492, 308
492, 312
492, 314
492, 318
492, 318
492, 320
494, 322
495, 320
498, 320
500, 318
500, 318
502, 317
502, 316
504, 315
504, 315
508, 312
508, 311
509, 310
510, 310
510, 308
510, 307
510, 306
512, 304
514, 304
515, 306
515, 307
516, 308
516, 317
517, 318
518, 318
519, 317
520, 317
520, 316
522, 316
524, 314
526, 314
527, 312
532, 312
532, 314
537, 314
538, 312
540, 312
540, 312
544, 312
546, 311
555, 311
556, 312
562, 312
562, 312
564, 312
564, 314
570, 314
570, 315
602, 315
602, 316
604, 316
606, 318
608, 318
609, 318
616, 318
617, 318
618, 318
620, 315
622, 315
622, 314
622, 312
624, 311
626, 311
627, 310
627, 308
630, 306
630, 304
632, 302
632, 300
632, 298
632, 298
630, 297
630, 292
630, 292
604, 292
604, 292
604, 294
602, 295
602, 295
600, 296
600, 296
596, 300
595, 300
594, 301
592, 301
590, 302
590, 302
589, 304
588, 304
587, 302
584, 302
582, 304
580, 304
580, 302
559, 302
558, 302
556, 302
555, 301
550, 301
550, 300
540, 300
539, 298
538, 298
536, 297
536, 294
535, 292
535, 288
534, 288
534, 287
530, 284
530, 282
528, 278
528, 278
527, 277
527, 268
529, 267
530, 267
530, 266
530, 261
534, 258
534, 257
535, 256
535, 252
539, 248
539, 244
542, 241
542, 237
544, 235
546, 235
547, 234
547, 232
548, 231
548, 230
549, 228
549, 228
550, 226
550, 224
552, 222
552, 222
554, 220
554, 218
555, 218
555, 214
559, 210
560, 210
560, 208
562, 208
564, 210
572, 210
572, 208
574, 208
572, 208
572, 208
570, 208
570, 207
570, 206
569, 206
568, 204
562, 204
560, 204
