244, 232
241, 236
228, 236
228, 237
226, 237
222, 240
222, 240
221, 241
221, 242
241, 242
242, 241
247, 241
248, 240
252, 240
255, 242
255, 244
256, 244
256, 250
255, 251
255, 252
252, 254
252, 255
252, 256
252, 268
251, 270
251, 271
248, 274
248, 278
247, 280
247, 281
244, 284
242, 284
242, 284
241, 284
238, 287
238, 287
236, 288
236, 290
237, 291
237, 292
238, 294
238, 296
238, 297
238, 304
238, 304
238, 306
237, 307
237, 308
236, 308
236, 317
235, 318
235, 318
232, 322
232, 330
228, 332
228, 334
228, 335
228, 338
227, 339
227, 340
224, 342
224, 342
224, 344
224, 344
222, 346
222, 347
222, 348
221, 348
220, 349
218, 349
217, 350
216, 350
215, 352
210, 352
206, 356
204, 356
204, 357
204, 374
204, 375
206, 375
208, 377
208, 378
208, 379
210, 379
212, 380
212, 382
212, 382
226, 382
230, 379
232, 379
237, 375
238, 375
238, 374
238, 372
238, 372
240, 370
240, 370
242, 368
242, 368
246, 370
246, 372
247, 372
247, 374
248, 376
251, 376
252, 375
262, 375
262, 376
264, 376
266, 378
268, 378
270, 379
318, 379
318, 380
322, 380
324, 380
324, 380
326, 382
328, 382
329, 382
357, 382
360, 387
362, 387
364, 388
364, 388
367, 390
368, 390
369, 390
380, 390
382, 390
382, 390
386, 387
390, 387
390, 386
390, 384
392, 382
394, 382
395, 382
395, 380
396, 380
396, 379
398, 377
398, 376
399, 375
399, 360
398, 360
398, 358
397, 357
394, 357
392, 356
384, 356
384, 355
382, 355
382, 354
380, 354
380, 352
377, 352
376, 352
370, 352
369, 352
368, 352
367, 354
366, 354
364, 355
364, 355
362, 356
360, 356
360, 357
359, 357
356, 360
355, 360
354, 360
352, 360
350, 364
338, 364
337, 362
336, 362
334, 360
332, 360
332, 360
266, 360
262, 356
261, 356
258, 354
258, 350
255, 346
255, 344
254, 344
252, 344
251, 342
251, 337
250, 336
250, 335
248, 332
248, 332
247, 330
247, 317
251, 312
251, 308
252, 307
252, 304
255, 302
255, 290
258, 286
258, 277
262, 274
262, 272
262, 271
262, 264
264, 264
264, 262
266, 261
266, 260
267, 258
267, 246
271, 242
272, 242
272, 241
272, 240
272, 237
271, 236
271, 234
268, 232
