464, 200
462, 201
452, 201
450, 202
449, 202
448, 202
444, 202
444, 204
440, 204
440, 202
427, 202
426, 204
398, 204
397, 204
396, 204
394, 207
392, 207
390, 208
380, 208
380, 208
379, 208
377, 211
375, 211
374, 212
369, 212
368, 212
368, 215
369, 216
369, 217
370, 218
372, 218
374, 218
390, 218
392, 220
392, 220
395, 222
395, 222
396, 224
396, 230
397, 231
397, 232
399, 234
399, 236
400, 237
400, 247
400, 248
400, 250
402, 251
402, 252
402, 252
402, 255
404, 256
404, 267
404, 268
404, 268
406, 270
406, 271
407, 272
407, 274
408, 275
408, 284
409, 284
409, 286
410, 288
410, 288
412, 290
412, 301
412, 302
412, 304
414, 304
414, 306
415, 307
415, 310
416, 311
416, 320
417, 320
417, 322
419, 324
419, 327
420, 328
420, 342
422, 344
422, 346
424, 347
424, 352
424, 352
424, 354
427, 356
427, 357
428, 358
428, 370
430, 372
430, 374
432, 375
432, 390
430, 392
429, 392
429, 392
428, 394
428, 395
427, 396
427, 397
424, 399
424, 400
424, 400
424, 402
418, 408
417, 408
412, 412
412, 412
408, 416
408, 417
398, 427
397, 427
396, 428
387, 428
386, 427
362, 427
362, 428
276, 428
275, 429
271, 429
270, 430
267, 430
266, 430
257, 430
256, 432
221, 432
220, 430
218, 430
216, 429
215, 429
214, 428
210, 428
206, 424
201, 424
200, 422
198, 422
197, 422
196, 422
195, 420
192, 420
192, 420
172, 420
172, 420
170, 420
168, 422
168, 422
167, 422
166, 422
164, 424
161, 424
160, 424
158, 424
156, 427
156, 427
155, 428
152, 428
150, 430
146, 430
146, 430
143, 430
142, 432
138, 429
138, 427
138, 426
136, 427
136, 432
136, 434
136, 454
138, 456
138, 456
140, 457
140, 458
141, 458
144, 460
144, 462
144, 464
144, 464
148, 468
148, 469
150, 470
151, 470
154, 474
155, 474
156, 475
158, 475
162, 479
172, 479
172, 480
174, 480
176, 482
177, 482
178, 482
184, 482
186, 482
188, 482
190, 480
191, 480
192, 479
196, 479
197, 478
198, 478
201, 476
202, 476
202, 475
230, 475
231, 474
236, 474
237, 472
240, 472
241, 472
247, 472
248, 470
292, 470
294, 470
302, 470
304, 469
308, 469
310, 468
317, 468
318, 467
366, 467
367, 466
369, 466
370, 464
370, 464
372, 464
372, 464
374, 462
375, 462
376, 462
378, 462
378, 460
379, 460
379, 458
382, 455
382, 455
384, 454
384, 454
386, 452
388, 452
389, 452
392, 452
392, 450
398, 450
400, 448
402, 448
402, 447
407, 447
408, 446
409, 446
410, 444
412, 444
415, 440
415, 432
416, 430
416, 430
418, 428
419, 428
420, 427
420, 427
424, 422
426, 422
427, 422
427, 420
428, 420
429, 420
430, 419
434, 419
436, 420
436, 430
432, 432
432, 434
432, 435
432, 437
430, 438
430, 439
430, 440
429, 440
429, 444
430, 446
430, 447
432, 448
432, 458
435, 460
435, 462
436, 462
437, 462
440, 467
442, 467
444, 470
447, 470
448, 470
458, 470
459, 470
460, 470
462, 468
462, 468
464, 467
467, 467
468, 466
470, 466
470, 464
470, 464
472, 464
472, 462
474, 462
475, 462
475, 460
479, 457
479, 452
482, 449
482, 442
484, 442
484, 440
486, 438
486, 435
484, 434
484, 432
484, 432
484, 430
482, 430
482, 426
479, 422
479, 420
475, 417
475, 416
472, 412
470, 412
470, 412
469, 412
468, 410
467, 410
464, 409
464, 409
460, 404
460, 402
459, 402
459, 392
458, 392
458, 390
456, 389
456, 388
455, 387
455, 382
454, 382
454, 380
452, 379
452, 378
450, 377
450, 369
450, 368
450, 367
448, 364
448, 364
447, 362
447, 355
449, 352
450, 352
450, 352
452, 352
452, 350
454, 350
456, 349
456, 348
458, 346
458, 340
457, 339
457, 338
456, 337
456, 335
455, 334
455, 326
450, 322
450, 320
450, 320
448, 320
444, 317
444, 317
442, 316
440, 316
439, 314
439, 312
438, 311
438, 310
436, 308
436, 307
435, 306
435, 297
432, 294
432, 292
430, 291
430, 280
430, 278
430, 278
429, 277
429, 276
428, 275
428, 274
427, 272
427, 262
426, 262
426, 261
424, 258
424, 258
422, 257
422, 244
422, 244
422, 242
420, 242
420, 240
420, 238
420, 232
419, 232
419, 224
420, 224
420, 222
422, 220
424, 220
424, 218
427, 218
428, 218
429, 218
430, 216
432, 216
434, 214
435, 214
435, 212
436, 212
437, 212
438, 211
482, 211
484, 210
486, 210
486, 208
487, 208
487, 202
486, 202
486, 201
484, 201
484, 200
