354, 244
350, 247
350, 247
349, 248
339, 248
338, 248
336, 248
335, 250
334, 250
332, 251
330, 251
330, 252
320, 252
317, 256
310, 256
306, 260
300, 260
298, 261
298, 261
297, 262
298, 264
304, 264
306, 262
315, 262
316, 262
318, 262
320, 260
322, 260
322, 258
326, 258
332, 264
332, 274
335, 277
335, 278
336, 278
336, 284
337, 284
337, 286
339, 288
339, 288
340, 290
340, 298
337, 301
336, 301
336, 304
337, 306
337, 307
342, 312
342, 312
344, 312
344, 312
349, 317
349, 318
350, 318
350, 320
350, 322
350, 322
352, 324
352, 324
355, 328
355, 329
356, 330
356, 332
359, 336
359, 337
360, 338
360, 342
360, 342
362, 342
362, 344
362, 344
364, 346
364, 357
360, 360
360, 360
360, 362
360, 366
358, 368
357, 368
356, 369
356, 372
352, 377
352, 382
350, 384
349, 384
348, 384
348, 386
342, 390
342, 390
340, 392
336, 392
335, 392
324, 392
324, 392
304, 392
302, 392
282, 392
282, 392
244, 392
237, 384
232, 384
231, 382
228, 382
227, 382
226, 382
224, 380
215, 380
214, 382
212, 382
212, 382
208, 382
207, 384
204, 384
202, 384
202, 384
198, 389
198, 390
194, 394
194, 395
192, 396
192, 402
195, 404
195, 404
196, 406
196, 409
197, 410
197, 410
198, 410
200, 412
200, 414
201, 415
202, 415
204, 418
206, 418
207, 419
210, 419
211, 420
212, 420
214, 422
222, 422
224, 420
224, 420
226, 419
230, 419
231, 418
231, 417
232, 415
258, 415
258, 414
262, 414
264, 412
266, 412
267, 412
275, 412
276, 410
344, 410
344, 410
347, 410
348, 409
349, 409
350, 408
350, 408
352, 407
360, 407
362, 408
362, 408
364, 409
364, 412
364, 414
364, 416
366, 417
367, 417
367, 408
366, 407
366, 404
367, 404
367, 392
364, 390
364, 389
362, 388
362, 384
367, 380
367, 379
368, 378
368, 377
369, 376
370, 376
376, 382
376, 390
377, 392
377, 395
379, 397
379, 399
380, 400
380, 404
380, 404
380, 406
386, 410
387, 410
389, 412
389, 414
390, 414
392, 415
407, 415
408, 414
410, 414
410, 412
414, 409
414, 408
415, 407
415, 394
410, 390
410, 389
410, 388
409, 388
407, 386
407, 384
406, 384
404, 384
402, 382
402, 380
402, 380
400, 380
399, 378
399, 376
398, 375
398, 372
395, 370
395, 369
394, 368
392, 368
390, 364
389, 364
388, 364
388, 362
387, 362
387, 360
386, 360
384, 360
382, 358
382, 352
382, 352
380, 352
379, 350
379, 349
376, 346
376, 344
375, 344
375, 339
374, 338
374, 337
370, 334
370, 312
370, 312
369, 312
359, 302
359, 301
358, 300
357, 300
356, 298
356, 298
355, 297
355, 292
352, 290
352, 288
350, 288
350, 282
347, 278
347, 272
342, 268
342, 264
342, 264
340, 264
339, 262
339, 258
340, 258
340, 257
340, 256
342, 256
342, 255
349, 255
350, 254
350, 254
350, 252
352, 251
369, 251
370, 250
370, 250
372, 248
375, 248
376, 247
380, 247
382, 246
382, 244
380, 244
