332, 232
332, 232
332, 234
330, 236
328, 236
327, 237
326, 237
324, 238
324, 238
322, 238
320, 238
320, 240
308, 240
307, 241
306, 241
304, 242
304, 244
302, 244
302, 248
304, 248
304, 252
304, 254
304, 255
306, 256
306, 257
307, 258
307, 258
308, 260
308, 262
311, 264
311, 267
312, 268
312, 272
312, 274
312, 275
315, 277
315, 278
316, 278
316, 282
317, 284
317, 284
318, 287
318, 288
320, 288
320, 294
322, 296
322, 297
322, 298
322, 298
324, 300
324, 306
327, 308
327, 310
328, 311
328, 315
329, 316
329, 318
332, 320
332, 326
332, 327
332, 328
335, 330
335, 332
336, 332
336, 337
340, 340
340, 342
340, 344
340, 344
342, 347
342, 348
344, 349
344, 352
344, 352
344, 354
347, 356
347, 357
348, 358
348, 364
349, 364
349, 366
352, 369
352, 375
352, 376
352, 377
355, 379
355, 380
356, 380
356, 382
355, 382
355, 384
352, 387
352, 388
352, 389
352, 394
350, 395
350, 396
349, 398
349, 399
348, 400
348, 409
344, 412
344, 412
344, 414
344, 420
346, 422
346, 422
347, 424
347, 428
344, 430
342, 430
342, 432
340, 432
340, 434
337, 438
337, 439
336, 440
336, 442
334, 444
322, 444
320, 444
318, 444
318, 446
317, 446
316, 447
315, 447
314, 448
298, 448
295, 450
294, 450
292, 452
281, 452
280, 452
278, 452
277, 455
275, 455
274, 456
272, 456
272, 457
271, 457
268, 459
267, 459
266, 460
254, 460
252, 460
251, 460
250, 462
248, 462
248, 462
247, 462
246, 464
230, 464
228, 464
226, 464
224, 466
222, 466
222, 467
220, 467
218, 466
217, 466
215, 464
212, 464
211, 462
211, 460
210, 460
207, 460
206, 459
204, 459
202, 456
195, 456
194, 455
190, 455
188, 454
186, 454
184, 455
181, 455
180, 456
168, 456
168, 457
167, 457
164, 459
162, 459
162, 460
150, 460
148, 460
144, 460
142, 464
141, 464
140, 464
140, 472
136, 476
136, 477
136, 478
136, 494
136, 495
138, 495
142, 498
143, 498
144, 499
144, 499
148, 502
148, 506
148, 507
150, 507
152, 509
152, 510
153, 510
154, 510
156, 512
156, 514
156, 515
158, 515
160, 516
161, 516
162, 518
164, 518
164, 519
191, 519
192, 518
194, 518
197, 515
198, 515
198, 514
200, 514
202, 510
204, 510
208, 507
210, 507
211, 506
211, 504
212, 502
217, 502
218, 502
218, 502
218, 500
220, 500
221, 500
222, 499
230, 499
231, 498
232, 498
234, 496
235, 496
236, 495
238, 495
238, 494
240, 494
241, 492
242, 492
242, 492
244, 492
246, 490
256, 490
257, 490
262, 490
264, 489
266, 489
267, 488
271, 488
272, 487
286, 487
288, 484
290, 484
291, 482
302, 482
304, 482
304, 482
307, 480
308, 480
308, 479
318, 479
320, 478
322, 478
324, 476
324, 476
326, 475
338, 475
340, 472
342, 472
344, 470
346, 470
349, 474
352, 474
354, 472
354, 470
355, 470
355, 467
362, 460
362, 459
362, 458
362, 454
364, 452
364, 452
364, 450
368, 450
372, 455
372, 456
372, 457
372, 458
380, 464
380, 466
380, 467
382, 467
384, 469
386, 469
387, 470
388, 470
389, 470
397, 470
398, 472
404, 472
404, 472
406, 472
407, 472
410, 472
412, 470
419, 470
420, 470
420, 470
424, 467
426, 467
427, 466
427, 464
429, 462
430, 462
430, 462
430, 460
434, 458
434, 456
435, 455
435, 452
434, 452
434, 442
432, 440
432, 440
430, 439
430, 438
429, 437
428, 437
426, 435
426, 434
424, 432
424, 432
422, 432
422, 432
419, 429
418, 429
412, 422
410, 422
409, 420
406, 420
404, 420
398, 420
395, 417
394, 417
390, 414
390, 412
390, 410
390, 410
388, 408
388, 407
387, 406
387, 400
382, 397
382, 392
382, 392
382, 390
380, 389
380, 388
379, 387
379, 384
378, 384
377, 384
376, 382
376, 382
375, 380
375, 378
374, 377
374, 376
372, 374
372, 372
370, 372
370, 368
370, 367
370, 364
369, 364
368, 364
368, 362
367, 362
367, 360
364, 358
364, 357
364, 356
364, 352
364, 352
366, 352
367, 350
369, 350
370, 349
370, 348
372, 346
372, 344
372, 344
372, 342
370, 340
370, 337
370, 336
370, 335
368, 332
368, 332
367, 330
367, 326
362, 322
362, 320
362, 320
362, 318
358, 315
356, 315
355, 314
352, 314
350, 312
350, 312
347, 310
347, 308
344, 306
344, 304
344, 304
344, 302
342, 302
342, 297
342, 296
340, 296
339, 294
339, 288
338, 288
337, 288
336, 287
336, 286
335, 284
335, 280
334, 278
334, 277
330, 274
330, 270
330, 268
330, 268
327, 264
327, 262
330, 258
330, 257
334, 254
336, 254
337, 252
338, 252
339, 254
342, 254
344, 255
347, 255
350, 258
356, 258
350, 252
350, 252
350, 251
350, 248
349, 248
349, 244
350, 242
352, 242
352, 242
354, 242
358, 238
362, 238
362, 237
356, 237
355, 238
354, 238
352, 237
352, 237
348, 232
347, 232
346, 232
