228, 272
228, 274
228, 275
228, 276
230, 277
231, 277
232, 278
237, 278
238, 278
242, 278
246, 282
247, 282
248, 284
248, 286
250, 286
251, 287
252, 287
255, 288
255, 295
254, 296
254, 297
252, 298
252, 298
252, 300
252, 308
251, 310
251, 311
248, 314
248, 318
247, 320
247, 320
244, 322
244, 324
244, 324
244, 326
242, 327
242, 328
242, 329
242, 330
241, 330
241, 332
240, 332
240, 354
238, 355
238, 356
237, 358
237, 359
236, 360
236, 364
232, 368
232, 368
227, 372
227, 374
224, 376
224, 378
224, 379
224, 386
221, 389
221, 390
220, 392
220, 392
216, 397
216, 398
214, 400
212, 400
212, 400
212, 402
208, 404
208, 406
208, 407
208, 418
208, 419
210, 419
214, 422
224, 422
228, 420
228, 420
230, 419
231, 419
234, 416
235, 416
237, 414
238, 414
238, 412
238, 412
238, 410
240, 410
240, 408
241, 407
241, 406
242, 404
242, 402
242, 402
242, 390
244, 389
244, 388
244, 387
247, 387
248, 388
248, 388
251, 390
251, 390
252, 392
252, 400
251, 400
251, 402
252, 404
252, 410
252, 412
252, 420
254, 420
254, 417
255, 416
255, 414
258, 410
260, 410
261, 410
262, 410
262, 410
332, 410
334, 410
338, 410
339, 409
340, 409
340, 408
346, 408
347, 407
360, 407
364, 410
370, 410
372, 412
372, 412
374, 412
376, 412
377, 414
379, 412
380, 412
380, 410
386, 410
387, 410
388, 410
390, 407
390, 406
395, 402
395, 400
396, 400
396, 399
398, 397
398, 396
399, 395
399, 389
394, 384
392, 384
390, 382
390, 382
388, 380
387, 380
386, 380
362, 380
362, 380
360, 380
354, 388
352, 388
350, 389
348, 389
347, 388
315, 388
314, 389
310, 389
308, 390
308, 390
307, 390
302, 390
302, 392
272, 392
272, 390
271, 390
268, 388
268, 387
267, 386
267, 382
268, 380
268, 380
270, 380
270, 377
262, 369
256, 369
255, 368
254, 368
251, 364
251, 360
252, 360
252, 352
254, 350
254, 350
255, 349
255, 332
256, 332
256, 330
258, 329
258, 328
258, 327
258, 324
260, 324
260, 322
261, 322
261, 318
260, 317
260, 312
262, 310
262, 308
262, 307
262, 301
264, 300
264, 298
266, 297
266, 296
267, 295
267, 292
270, 290
271, 290
272, 288
282, 288
284, 286
282, 284
282, 284
281, 284
280, 284
278, 282
278, 282
276, 281
274, 281
272, 280
272, 280
270, 278
268, 278
267, 276
252, 276
252, 275
248, 275
247, 274
246, 274
244, 272
549, 252
548, 252
547, 252
547, 255
546, 256
546, 257
547, 258
548, 258
549, 258
552, 258
555, 261
555, 262
556, 262
556, 272
555, 274
555, 275
552, 277
552, 278
552, 278
552, 290
550, 291
550, 292
550, 294
550, 296
549, 297
549, 302
548, 302
548, 306
549, 307
549, 311
550, 312
550, 315
549, 316
549, 317
547, 318
538, 318
536, 320
536, 332
537, 332
537, 334
538, 334
539, 335
540, 335
544, 338
546, 338
547, 339
550, 339
550, 338
552, 338
556, 335
562, 335
564, 338
566, 338
567, 339
582, 339
582, 340
584, 340
584, 340
586, 340
587, 342
588, 342
589, 342
602, 342
604, 346
606, 346
607, 347
610, 347
612, 349
612, 350
612, 350
626, 350
635, 342
635, 334
630, 329
629, 329
628, 328
606, 328
604, 329
602, 329
600, 328
594, 328
592, 327
589, 327
587, 324
586, 324
584, 324
576, 324
575, 322
572, 322
570, 324
570, 324
569, 322
568, 322
567, 322
567, 320
566, 320
562, 318
562, 315
562, 314
562, 312
559, 310
559, 297
560, 296
560, 294
560, 292
560, 292
560, 291
560, 284
560, 284
560, 281
562, 280
562, 278
562, 278
562, 260
564, 258
564, 257
564, 256
564, 255
566, 254
566, 252
564, 252
562, 252
