352, 194
352, 195
350, 195
349, 196
332, 196
330, 197
330, 197
328, 198
327, 198
326, 200
318, 200
316, 202
316, 204
318, 207
320, 207
320, 208
322, 208
328, 212
328, 215
329, 216
329, 217
330, 218
330, 220
332, 221
332, 222
334, 224
334, 226
336, 228
336, 230
340, 234
340, 238
342, 241
342, 242
346, 244
346, 246
348, 248
348, 250
350, 252
350, 254
352, 256
352, 257
355, 258
355, 260
356, 261
356, 262
357, 262
358, 262
359, 262
364, 268
364, 270
367, 272
367, 274
368, 275
368, 278
372, 282
372, 284
375, 287
375, 288
376, 288
376, 290
379, 292
379, 298
376, 301
376, 304
372, 308
372, 310
368, 314
368, 316
367, 317
367, 318
364, 320
364, 322
362, 324
359, 324
358, 324
356, 324
355, 324
284, 324
284, 322
272, 322
271, 322
264, 322
264, 320
262, 320
261, 320
256, 320
255, 318
254, 318
252, 318
252, 318
251, 317
250, 317
248, 316
240, 316
238, 315
238, 315
237, 314
234, 314
232, 312
231, 312
230, 312
226, 312
224, 312
221, 312
218, 315
216, 315
215, 316
212, 316
211, 315
204, 315
204, 316
204, 317
204, 326
204, 327
204, 329
206, 330
207, 330
208, 330
208, 332
212, 337
212, 338
212, 339
216, 339
217, 340
218, 340
221, 342
234, 342
235, 342
237, 342
238, 340
240, 340
241, 340
248, 340
248, 340
250, 340
251, 340
264, 340
266, 340
267, 340
268, 342
271, 342
272, 342
322, 342
322, 344
332, 344
332, 344
337, 344
338, 346
350, 346
352, 344
360, 344
360, 344
366, 344
367, 344
374, 344
375, 344
377, 344
378, 342
380, 342
380, 342
382, 342
384, 339
387, 339
388, 340
389, 340
390, 340
390, 342
390, 342
396, 347
397, 347
400, 350
404, 350
404, 352
406, 352
408, 354
409, 354
410, 355
438, 355
439, 354
440, 354
442, 352
442, 352
444, 350
446, 350
447, 350
447, 349
449, 347
450, 347
450, 346
450, 344
452, 342
454, 342
455, 342
455, 336
454, 335
454, 334
450, 330
450, 329
449, 329
448, 328
447, 328
444, 324
442, 324
442, 324
440, 324
438, 320
437, 320
436, 320
414, 320
410, 317
410, 314
407, 310
407, 308
402, 304
402, 304
402, 302
402, 302
400, 300
400, 298
399, 298
399, 296
398, 295
398, 294
395, 291
395, 288
394, 288
392, 288
390, 286
390, 284
388, 281
388, 280
387, 278
387, 277
386, 276
384, 276
382, 274
382, 272
379, 268
379, 268
378, 267
378, 266
376, 264
376, 262
375, 262
375, 261
374, 260
374, 258
372, 257
372, 256
370, 255
370, 252
367, 248
367, 248
366, 247
366, 246
364, 244
364, 242
362, 242
362, 241
362, 240
360, 240
360, 238
360, 238
359, 237
359, 234
355, 230
355, 228
354, 228
354, 227
352, 224
352, 224
350, 222
350, 222
347, 218
347, 214
346, 212
346, 212
344, 210
344, 208
346, 207
360, 207
362, 206
362, 206
364, 204
366, 204
367, 202
367, 201
362, 197
362, 197
360, 196
359, 196
358, 195
355, 195
354, 194
