364, 160
358, 167
357, 167
356, 168
355, 168
352, 171
350, 171
350, 172
339, 172
338, 171
335, 171
334, 172
327, 172
326, 172
324, 172
322, 175
322, 175
320, 176
308, 176
308, 177
301, 177
300, 178
298, 178
297, 178
296, 178
295, 180
294, 180
292, 181
292, 184
294, 186
298, 186
298, 187
312, 187
314, 186
337, 186
338, 184
340, 184
340, 184
350, 184
356, 190
356, 196
357, 197
357, 198
359, 200
359, 201
360, 202
360, 211
360, 212
360, 212
362, 215
362, 216
364, 217
364, 226
364, 227
364, 228
366, 228
366, 230
367, 231
367, 232
368, 232
368, 240
369, 241
369, 242
370, 244
370, 244
372, 246
372, 255
372, 256
372, 258
375, 260
375, 261
376, 262
376, 268
377, 270
377, 271
379, 272
379, 275
380, 276
380, 284
380, 284
380, 286
382, 288
382, 288
384, 290
384, 296
384, 297
384, 298
387, 301
387, 302
388, 304
388, 315
389, 316
389, 317
390, 318
390, 320
392, 320
392, 330
392, 330
392, 332
394, 332
394, 334
395, 335
395, 339
392, 340
392, 342
392, 344
392, 346
388, 350
388, 354
387, 355
387, 356
384, 358
384, 359
384, 360
384, 362
382, 364
382, 364
380, 367
380, 368
380, 369
380, 372
379, 372
379, 374
376, 377
376, 382
374, 384
372, 384
372, 384
372, 388
370, 389
370, 390
368, 392
368, 397
364, 400
350, 400
349, 400
348, 400
344, 404
337, 404
332, 408
324, 408
322, 410
320, 410
318, 412
310, 412
308, 412
308, 412
306, 415
304, 415
302, 416
297, 416
296, 417
295, 417
294, 418
292, 418
292, 419
291, 419
290, 420
282, 420
282, 420
281, 420
278, 424
272, 424
268, 428
262, 428
261, 429
260, 429
260, 430
258, 430
258, 430
257, 432
252, 432
251, 432
250, 432
248, 435
247, 435
246, 436
241, 436
240, 437
238, 437
237, 439
236, 439
235, 440
228, 440
228, 440
228, 442
227, 442
226, 442
224, 444
174, 444
170, 448
167, 448
166, 449
164, 449
162, 452
158, 452
156, 452
156, 452
154, 455
153, 455
152, 456
144, 456
143, 457
141, 457
138, 459
138, 459
136, 460
133, 460
128, 464
128, 464
128, 466
128, 496
128, 497
128, 498
131, 498
132, 499
141, 499
144, 502
144, 502
144, 504
144, 504
148, 508
148, 509
150, 510
153, 510
154, 512
155, 512
158, 515
181, 515
182, 514
184, 514
186, 512
187, 512
188, 510
192, 510
192, 510
194, 510
197, 507
198, 507
200, 506
201, 506
202, 504
204, 504
204, 502
206, 502
207, 502
207, 500
208, 500
208, 500
210, 499
211, 499
212, 498
212, 498
215, 496
216, 496
217, 495
222, 495
222, 494
224, 494
227, 492
228, 492
228, 490
238, 490
241, 488
242, 488
242, 487
247, 487
248, 486
248, 486
251, 484
252, 484
252, 482
258, 482
261, 480
262, 480
264, 479
268, 479
270, 478
271, 478
274, 475
280, 475
281, 474
282, 474
284, 470
290, 470
294, 467
301, 467
302, 466
302, 466
306, 462
308, 462
310, 462
312, 462
314, 460
315, 460
316, 459
317, 459
318, 458
322, 458
322, 450
322, 449
324, 449
324, 448
327, 448
328, 449
329, 449
330, 450
334, 450
335, 450
344, 450
344, 450
346, 450
348, 448
349, 448
350, 447
354, 447
357, 444
358, 444
359, 442
362, 442
362, 442
364, 442
366, 440
366, 440
368, 438
369, 438
370, 437
370, 436
377, 429
378, 429
380, 427
380, 427
384, 422
388, 422
389, 422
390, 422
392, 420
392, 420
394, 419
395, 419
397, 417
397, 416
398, 415
398, 412
399, 412
399, 407
398, 406
398, 404
395, 402
395, 400
394, 400
394, 399
392, 398
394, 397
394, 396
395, 395
395, 392
396, 390
396, 390
397, 389
398, 389
400, 390
400, 392
400, 392
400, 394
402, 395
402, 396
402, 397
402, 398
404, 399
404, 404
408, 409
408, 412
409, 412
409, 414
412, 417
412, 418
412, 419
414, 419
416, 420
416, 422
417, 422
418, 422
419, 422
422, 426
424, 426
426, 427
427, 426
430, 426
432, 422
434, 422
438, 419
438, 418
439, 417
439, 410
440, 409
440, 406
440, 404
440, 404
444, 400
444, 400
444, 399
444, 397
444, 396
444, 395
442, 394
442, 384
442, 382
442, 380
440, 379
440, 378
439, 377
439, 369
438, 368
438, 367
436, 364
436, 364
435, 362
435, 360
434, 360
432, 360
432, 359
430, 359
430, 358
429, 358
428, 357
427, 357
426, 356
424, 356
422, 354
422, 352
422, 352
422, 350
420, 349
420, 348
419, 347
419, 344
418, 344
418, 342
416, 340
416, 340
415, 339
415, 334
414, 332
414, 332
412, 332
412, 330
412, 330
410, 329
410, 318
410, 317
410, 315
408, 312
408, 311
407, 310
407, 306
406, 304
406, 304
404, 302
404, 300
402, 298
402, 288
402, 288
402, 287
400, 286
400, 284
400, 284
400, 282
399, 281
399, 271
398, 270
398, 268
397, 268
397, 267
396, 266
396, 264
395, 264
395, 252
392, 250
392, 248
390, 247
390, 240
390, 238
390, 237
388, 235
388, 232
387, 232
387, 224
386, 224
386, 222
384, 221
384, 220
382, 218
382, 204
382, 202
382, 200
380, 198
380, 198
380, 197
380, 192
379, 191
379, 190
380, 188
380, 181
380, 180
382, 180
382, 178
390, 178
392, 178
397, 178
398, 177
404, 177
406, 178
410, 178
410, 177
412, 177
412, 176
415, 176
416, 175
432, 175
432, 174
438, 174
439, 172
444, 172
446, 172
446, 171
447, 170
447, 166
444, 164
415, 164
414, 164
412, 164
412, 164
389, 164
386, 161
384, 161
384, 160
