320, 144
318, 144
312, 144
312, 146
311, 146
310, 146
302, 146
302, 148
277, 148
276, 148
274, 148
268, 154
268, 155
268, 156
268, 158
268, 158
270, 158
271, 160
271, 161
272, 162
272, 167
272, 168
272, 170
275, 172
275, 175
276, 176
276, 186
277, 187
277, 188
278, 188
278, 190
278, 191
278, 192
280, 192
280, 201
281, 202
281, 202
282, 204
282, 208
284, 210
284, 222
284, 224
284, 226
287, 228
287, 228
288, 230
288, 238
288, 238
288, 240
290, 241
290, 242
291, 242
291, 244
292, 244
292, 262
292, 264
292, 268
294, 268
294, 272
292, 272
292, 278
292, 280
292, 282
291, 282
291, 284
290, 284
288, 284
288, 286
287, 288
287, 288
282, 292
282, 294
280, 297
280, 298
276, 302
276, 304
275, 304
275, 306
274, 307
272, 307
272, 308
255, 308
254, 307
252, 307
250, 304
247, 304
246, 304
228, 304
227, 302
224, 302
224, 304
224, 304
224, 324
226, 327
246, 327
247, 328
262, 328
264, 327
270, 327
271, 328
274, 328
275, 327
282, 327
284, 328
288, 328
290, 327
291, 327
294, 324
294, 317
292, 316
292, 315
292, 314
292, 308
295, 304
296, 304
297, 304
298, 306
298, 308
300, 310
300, 327
302, 329
302, 330
298, 332
302, 336
302, 337
302, 338
302, 342
300, 344
300, 346
298, 348
297, 348
296, 349
296, 350
294, 352
292, 352
292, 352
288, 352
288, 354
287, 354
286, 355
284, 355
284, 356
284, 357
280, 360
280, 362
278, 364
278, 364
277, 367
277, 368
276, 369
276, 370
274, 372
272, 372
272, 372
272, 374
271, 375
270, 375
268, 376
261, 376
260, 377
256, 377
255, 378
254, 378
252, 379
252, 379
251, 380
248, 380
247, 380
246, 380
244, 382
244, 384
238, 389
238, 389
235, 392
234, 392
227, 399
227, 400
226, 400
224, 400
224, 406
226, 407
226, 410
224, 412
224, 418
228, 420
228, 422
232, 427
234, 427
237, 430
238, 430
240, 430
260, 430
261, 430
266, 430
267, 429
268, 429
268, 428
271, 428
272, 427
278, 427
281, 424
282, 424
282, 422
286, 422
287, 422
287, 420
288, 419
290, 419
301, 408
302, 408
304, 410
304, 410
306, 412
306, 418
304, 419
304, 420
304, 420
304, 428
304, 429
304, 430
312, 430
312, 432
314, 432
315, 432
315, 434
316, 434
317, 435
318, 435
320, 437
320, 438
320, 439
322, 439
322, 440
324, 440
327, 442
328, 442
329, 444
330, 444
330, 444
330, 446
332, 446
332, 447
334, 447
336, 449
336, 450
337, 450
339, 450
340, 452
340, 452
342, 454
344, 454
344, 455
347, 455
348, 456
349, 456
350, 458
352, 458
352, 459
354, 459
356, 460
357, 460
358, 462
359, 462
360, 462
360, 462
362, 464
362, 464
364, 464
364, 464
367, 467
368, 467
370, 469
370, 469
372, 470
372, 470
374, 470
378, 470
379, 472
382, 472
384, 472
387, 472
388, 474
390, 474
390, 475
392, 475
392, 476
395, 476
396, 477
398, 477
399, 478
400, 478
402, 479
406, 479
407, 480
409, 480
410, 480
410, 480
412, 482
412, 482
414, 482
417, 482
418, 484
420, 484
422, 486
424, 486
424, 487
427, 487
428, 488
430, 488
432, 490
435, 490
436, 492
438, 492
440, 494
440, 494
442, 495
444, 495
446, 496
447, 496
448, 497
449, 497
450, 498
450, 498
452, 499
456, 499
457, 500
459, 500
460, 502
462, 502
464, 502
469, 502
470, 504
470, 504
472, 506
474, 506
475, 507
480, 507
482, 508
482, 508
484, 510
486, 510
487, 510
492, 510
494, 512
495, 512
497, 514
499, 514
500, 515
509, 515
510, 516
512, 516
512, 517
514, 517
515, 518
516, 518
517, 519
520, 519
524, 522
524, 522
526, 522
528, 522
529, 524
530, 524
532, 527
534, 527
535, 528
536, 528
540, 532
540, 532
542, 535
542, 535
544, 537
546, 537
547, 538
549, 538
550, 539
554, 539
555, 540
559, 540
560, 540
562, 540
564, 542
572, 542
574, 540
575, 540
576, 540
577, 540
578, 539
586, 539
587, 538
589, 538
592, 535
594, 535
602, 527
602, 527
604, 526
604, 526
606, 524
612, 524
615, 522
615, 522
616, 520
616, 520
617, 519
617, 518
618, 517
618, 509
619, 508
619, 502
620, 500
620, 496
620, 495
620, 494
622, 492
622, 489
618, 484
616, 484
615, 484
610, 484
609, 482
608, 482
607, 482
606, 482
604, 480
600, 480
600, 480
596, 480
595, 479
594, 479
592, 477
590, 477
590, 476
588, 476
587, 475
586, 475
584, 472
582, 472
582, 472
580, 472
580, 470
579, 470
577, 469
575, 469
574, 468
568, 468
567, 467
564, 467
564, 466
562, 466
562, 464
558, 464
557, 464
529, 464
528, 464
526, 464
524, 467
522, 467
520, 468
515, 468
514, 467
512, 467
510, 464
509, 464
508, 464
500, 464
500, 462
499, 462
497, 460
496, 460
495, 460
490, 460
489, 459
488, 459
486, 457
484, 457
484, 456
480, 456
479, 455
478, 455
476, 452
474, 452
472, 452
468, 452
467, 450
466, 450
464, 449
462, 449
460, 448
458, 448
457, 447
456, 447
454, 444
452, 444
450, 444
448, 444
447, 442
444, 442
442, 440
437, 440
435, 438
434, 438
432, 437
430, 437
430, 436
426, 436
424, 435
424, 435
422, 432
420, 432
419, 432
416, 432
415, 430
412, 430
410, 428
402, 428
402, 427
400, 427
398, 424
396, 424
395, 424
390, 424
389, 422
388, 422
386, 420
382, 420
382, 420
378, 420
377, 419
376, 419
374, 417
372, 417
372, 416
367, 416
366, 415
364, 415
364, 414
362, 414
362, 412
360, 412
360, 412
355, 412
354, 410
352, 410
352, 412
349, 412
346, 409
346, 408
344, 408
344, 407
344, 406
342, 404
342, 398
342, 397
342, 395
340, 394
340, 392
339, 390
339, 380
338, 379
338, 377
335, 374
335, 364
334, 364
334, 362
332, 362
332, 362
332, 360
330, 359
330, 338
332, 337
332, 335
336, 330
337, 330
338, 330
339, 330
340, 330
340, 332
342, 330
342, 322
344, 320
344, 320
346, 318
346, 316
347, 315
347, 312
350, 310
350, 308
350, 308
350, 306
355, 302
355, 301
359, 297
359, 296
360, 295
360, 294
362, 292
362, 291
362, 290
362, 288
364, 287
366, 287
367, 286
367, 284
370, 281
370, 278
374, 276
374, 275
375, 274
375, 272
379, 268
379, 266
382, 262
382, 261
384, 260
384, 258
386, 257
386, 256
387, 255
387, 252
390, 248
390, 248
395, 244
395, 242
399, 238
399, 237
400, 236
400, 235
402, 232
402, 232
402, 231
402, 228
407, 224
407, 222
410, 218
410, 217
415, 212
415, 210
418, 207
419, 207
420, 206
420, 204
420, 204
422, 204
424, 206
424, 206
426, 207
430, 207
432, 208
432, 210
432, 211
437, 211
438, 212
439, 212
440, 212
440, 212
442, 214
442, 214
444, 212
446, 212
447, 212
448, 212
449, 211
450, 211
450, 210
450, 206
449, 204
448, 204
446, 202
446, 201
444, 201
444, 200
442, 200
442, 198
440, 198
439, 197
438, 197
430, 190
430, 187
432, 186
432, 184
432, 184
434, 184
435, 182
435, 182
439, 178
439, 176
440, 175
440, 171
438, 168
437, 168
436, 168
434, 168
432, 167
430, 167
429, 164
428, 164
427, 164
419, 164
418, 162
417, 162
415, 161
414, 161
412, 160
402, 160
400, 158
398, 158
397, 158
396, 158
395, 156
392, 156
390, 156
380, 156
380, 155
379, 155
377, 153
375, 153
374, 152
372, 152
369, 148
368, 148
366, 146
366, 146
364, 146
364, 144
362, 144
360, 144
357, 144
356, 144
355, 144
355, 150
358, 153
358, 155
354, 158
350, 158
350, 158
349, 158
348, 156
347, 156
346, 156
340, 156
340, 155
339, 155
337, 153
336, 153
330, 148
330, 148
329, 146
328, 146
326, 144
322, 144
322, 144
