455, 164
454, 166
452, 166
450, 167
448, 167
447, 168
424, 168
424, 168
422, 168
420, 170
420, 170
418, 172
416, 172
415, 172
412, 172
412, 178
416, 181
416, 182
417, 182
417, 184
418, 184
418, 186
417, 187
416, 187
415, 188
409, 188
408, 188
406, 188
404, 191
402, 191
402, 192
398, 192
397, 192
396, 192
394, 195
392, 195
392, 196
388, 196
387, 197
384, 197
384, 198
384, 198
384, 200
382, 201
382, 202
384, 202
384, 204
384, 204
386, 204
387, 206
392, 206
392, 204
394, 204
396, 202
404, 202
406, 202
407, 202
409, 200
410, 200
412, 198
417, 198
418, 198
419, 198
422, 195
424, 195
424, 194
426, 194
427, 192
427, 192
428, 191
428, 188
427, 188
426, 188
424, 187
424, 187
422, 184
422, 182
424, 180
427, 180
428, 181
430, 181
430, 182
430, 182
432, 184
432, 187
430, 188
430, 192
432, 192
432, 202
430, 202
430, 204
430, 204
430, 208
429, 208
429, 212
428, 212
427, 212
424, 215
424, 218
428, 221
428, 222
429, 224
429, 226
432, 228
432, 236
432, 237
432, 238
435, 240
435, 241
436, 242
436, 248
437, 250
437, 251
438, 252
438, 252
439, 254
439, 255
440, 256
440, 264
440, 266
440, 267
442, 268
442, 270
444, 271
444, 277
447, 280
447, 281
448, 282
448, 287
449, 288
449, 288
450, 291
450, 292
452, 292
452, 300
452, 301
452, 304
454, 304
454, 306
455, 307
455, 308
456, 308
456, 314
459, 317
459, 318
460, 320
460, 324
460, 326
460, 327
464, 330
464, 338
464, 339
464, 340
466, 342
466, 342
467, 344
467, 347
468, 348
468, 356
469, 357
469, 358
470, 360
470, 360
472, 362
472, 368
472, 369
472, 370
472, 370
472, 377
468, 380
468, 384
467, 384
467, 386
464, 389
464, 390
460, 394
460, 395
460, 396
460, 399
458, 400
458, 402
456, 404
456, 404
452, 409
452, 412
450, 412
450, 414
448, 417
448, 419
447, 420
447, 420
444, 424
444, 426
430, 440
384, 440
384, 440
376, 440
375, 442
368, 442
367, 442
364, 442
362, 444
357, 444
356, 444
349, 444
348, 444
340, 444
340, 442
337, 442
336, 442
335, 442
334, 440
252, 440
252, 442
248, 442
248, 440
242, 440
242, 440
237, 440
235, 438
235, 437
234, 437
232, 436
232, 436
228, 432
227, 432
226, 430
224, 430
222, 428
221, 428
217, 424
212, 424
212, 422
211, 422
208, 420
208, 420
207, 420
192, 420
192, 419
184, 419
184, 420
168, 420
167, 420
164, 420
162, 422
160, 422
158, 420
156, 420
155, 420
148, 420
148, 420
148, 480
154, 487
156, 487
161, 490
162, 490
164, 492
166, 492
167, 494
168, 494
170, 495
194, 495
195, 496
201, 496
202, 495
208, 495
210, 494
211, 494
212, 492
214, 492
215, 490
217, 490
218, 490
218, 490
221, 488
231, 488
232, 487
235, 487
236, 486
237, 486
238, 484
241, 484
242, 482
242, 482
244, 482
246, 482
247, 480
248, 480
248, 480
251, 480
252, 479
272, 479
272, 478
292, 478
292, 477
298, 477
300, 476
301, 476
302, 475
304, 475
308, 472
308, 470
308, 470
311, 470
312, 470
314, 470
315, 470
315, 469
316, 468
316, 467
317, 466
318, 466
320, 467
322, 467
322, 466
327, 466
329, 468
335, 468
336, 469
337, 469
338, 470
338, 470
340, 472
340, 474
340, 474
344, 477
344, 478
344, 479
350, 479
352, 480
355, 480
358, 477
360, 477
360, 476
362, 476
364, 474
364, 474
366, 472
367, 474
370, 474
374, 470
375, 472
379, 472
380, 470
382, 470
382, 472
384, 472
384, 472
390, 472
390, 474
397, 474
398, 475
400, 475
402, 476
412, 476
414, 475
415, 475
417, 472
418, 472
420, 470
420, 470
422, 468
422, 468
424, 467
447, 467
448, 468
449, 468
450, 469
450, 468
454, 468
456, 470
457, 470
460, 472
460, 478
462, 480
462, 482
464, 482
464, 484
464, 486
464, 487
468, 490
468, 490
469, 492
469, 492
472, 492
472, 492
472, 489
472, 488
472, 487
470, 486
470, 464
470, 464
470, 462
469, 460
469, 456
470, 455
470, 452
470, 450
470, 450
470, 449
470, 448
468, 446
468, 444
467, 444
466, 444
464, 442
464, 440
466, 438
466, 437
467, 436
467, 434
475, 426
475, 422
476, 422
476, 420
479, 418
479, 417
480, 415
482, 415
484, 417
484, 418
488, 422
488, 424
489, 426
489, 427
490, 428
490, 429
490, 430
490, 430
490, 434
489, 435
489, 436
488, 437
488, 457
489, 458
489, 460
490, 460
490, 462
490, 462
490, 464
492, 464
492, 469
492, 470
492, 470
494, 470
496, 472
496, 474
500, 478
500, 479
509, 488
510, 488
512, 490
514, 490
518, 495
522, 495
524, 498
526, 498
527, 499
534, 499
535, 500
537, 500
538, 500
540, 500
540, 502
547, 502
548, 500
550, 500
550, 500
552, 500
552, 499
558, 499
559, 498
560, 498
560, 497
560, 496
562, 496
562, 495
564, 495
567, 492
567, 492
570, 489
570, 488
570, 487
570, 484
574, 482
574, 480
575, 480
575, 474
574, 472
574, 472
572, 470
572, 469
570, 468
570, 464
570, 462
570, 460
569, 460
568, 460
568, 459
567, 458
567, 457
566, 456
564, 456
562, 454
562, 452
562, 452
560, 452
559, 450
559, 449
558, 448
557, 448
555, 446
555, 442
554, 440
554, 439
550, 435
549, 435
548, 434
548, 432
547, 432
546, 432
542, 432
539, 429
539, 427
538, 426
538, 424
535, 422
535, 420
532, 418
532, 417
530, 416
530, 414
529, 412
529, 410
528, 410
528, 409
527, 408
527, 404
526, 402
526, 402
522, 399
522, 398
520, 396
514, 396
510, 392
510, 388
510, 387
510, 386
508, 384
508, 382
507, 382
507, 377
506, 376
506, 375
504, 372
504, 372
502, 370
502, 368
502, 367
502, 364
500, 364
500, 364
500, 362
499, 362
499, 357
496, 354
496, 352
495, 352
495, 344
494, 344
494, 342
492, 340
492, 339
490, 338
490, 330
490, 329
490, 328
489, 328
488, 327
488, 326
487, 324
487, 322
486, 322
486, 320
484, 318
484, 318
482, 317
482, 310
482, 308
482, 308
480, 306
480, 304
479, 302
479, 301
476, 298
476, 296
475, 295
475, 287
474, 286
474, 284
470, 282
470, 277
470, 276
470, 275
469, 275
468, 274
468, 272
467, 271
467, 264
466, 262
466, 262
464, 260
464, 258
462, 258
462, 252
462, 251
462, 248
460, 247
460, 244
459, 244
459, 228
458, 228
458, 227
456, 224
456, 224
455, 222
455, 222
450, 218
450, 214
450, 212
450, 212
449, 212
448, 211
448, 210
447, 208
447, 201
446, 200
446, 197
444, 195
444, 194
442, 192
442, 191
444, 190
444, 188
446, 187
457, 187
458, 186
459, 186
460, 184
460, 184
462, 184
462, 184
464, 182
466, 182
468, 181
468, 180
470, 178
470, 176
469, 175
469, 174
468, 172
468, 170
467, 168
467, 168
466, 167
464, 167
462, 164
