208, 258
207, 260
204, 260
204, 264
208, 268
210, 268
211, 270
212, 270
214, 271
220, 271
221, 272
230, 272
231, 272
231, 275
228, 277
228, 277
228, 278
228, 280
228, 287
228, 288
228, 297
227, 298
227, 300
224, 302
224, 302
224, 304
224, 307
222, 308
222, 310
222, 311
222, 312
221, 312
221, 316
220, 317
220, 324
216, 329
216, 332
215, 334
215, 335
214, 336
212, 336
212, 337
212, 338
212, 342
211, 344
211, 344
208, 347
208, 348
208, 349
208, 354
204, 357
204, 358
204, 359
204, 364
202, 366
202, 367
200, 370
200, 374
196, 378
196, 384
195, 384
195, 386
192, 389
192, 392
188, 397
188, 398
184, 402
184, 402
182, 404
182, 404
181, 404
181, 407
180, 408
180, 412
176, 417
176, 418
170, 424
164, 424
164, 424
164, 426
158, 432
156, 432
156, 432
156, 434
154, 436
153, 436
152, 437
152, 438
148, 442
148, 458
148, 459
150, 459
152, 460
152, 462
153, 462
156, 462
160, 466
161, 466
162, 467
172, 467
176, 464
177, 464
178, 462
182, 462
184, 462
184, 462
187, 460
188, 460
188, 459
190, 459
194, 455
195, 455
196, 454
197, 454
198, 452
198, 452
198, 450
198, 450
202, 446
202, 442
204, 442
204, 440
206, 439
208, 439
211, 440
211, 442
212, 444
212, 447
212, 448
212, 449
214, 450
214, 450
216, 452
216, 454
218, 456
218, 456
220, 457
221, 457
222, 458
222, 458
224, 459
224, 459
226, 460
227, 459
230, 459
231, 460
232, 460
234, 462
235, 462
236, 462
248, 462
252, 467
278, 467
278, 468
280, 468
282, 470
284, 470
284, 470
312, 470
312, 472
314, 472
316, 474
317, 474
318, 475
340, 475
342, 476
342, 476
344, 478
348, 478
349, 479
370, 479
374, 482
377, 482
380, 487
410, 487
412, 486
412, 486
415, 484
416, 484
417, 482
418, 482
419, 482
419, 480
420, 479
422, 479
422, 478
422, 476
424, 475
424, 474
426, 472
427, 472
428, 470
429, 470
430, 469
430, 456
430, 455
430, 450
429, 449
429, 448
427, 446
427, 444
422, 440
422, 440
420, 440
374, 440
370, 444
330, 444
329, 442
327, 442
324, 440
322, 440
320, 440
297, 440
296, 439
295, 439
292, 437
291, 437
290, 436
264, 436
262, 435
261, 435
260, 434
258, 434
258, 432
255, 432
254, 432
241, 432
238, 429
238, 427
234, 422
232, 422
227, 417
227, 416
226, 415
226, 414
224, 412
224, 410
222, 410
222, 409
222, 408
222, 407
220, 404
220, 404
218, 402
218, 400
215, 397
215, 392
211, 389
212, 388
212, 384
214, 382
214, 380
215, 380
215, 374
218, 370
218, 364
220, 364
220, 362
222, 360
222, 360
222, 359
222, 350
227, 346
227, 344
228, 342
228, 342
228, 340
228, 340
230, 339
230, 337
231, 336
231, 328
232, 327
232, 326
234, 324
234, 322
235, 322
235, 318
236, 318
236, 317
238, 314
238, 308
242, 304
242, 297
248, 292
248, 292
250, 291
251, 292
252, 292
252, 292
255, 292
256, 294
258, 294
260, 292
261, 292
262, 292
262, 291
262, 290
262, 288
262, 288
260, 287
260, 286
258, 284
257, 284
251, 278
251, 277
250, 276
250, 272
252, 270
254, 270
254, 264
252, 264
252, 264
250, 264
248, 262
246, 262
244, 262
242, 262
242, 261
238, 261
237, 260
211, 260
210, 258
