412, 180
410, 181
409, 181
408, 182
408, 195
409, 196
409, 200
410, 201
410, 204
410, 204
410, 208
412, 208
412, 224
412, 224
412, 228
414, 228
414, 231
415, 232
415, 244
416, 246
416, 262
417, 262
417, 268
418, 270
418, 272
419, 274
419, 281
420, 282
420, 292
420, 294
420, 304
422, 306
422, 311
422, 312
422, 316
424, 317
424, 324
424, 324
424, 330
426, 332
426, 334
427, 335
427, 339
428, 340
428, 352
429, 352
429, 375
428, 376
428, 389
427, 390
427, 392
426, 394
426, 396
424, 397
424, 400
424, 400
424, 406
422, 407
422, 409
422, 410
422, 412
420, 412
420, 415
420, 416
420, 418
419, 419
419, 420
418, 422
418, 424
417, 424
417, 427
416, 428
416, 432
415, 432
415, 435
414, 436
414, 437
412, 438
412, 440
412, 440
412, 442
410, 444
410, 444
410, 446
410, 447
409, 448
409, 449
408, 450
408, 452
407, 454
407, 456
406, 457
406, 458
404, 459
404, 460
404, 460
404, 464
400, 468
398, 468
392, 474
390, 474
390, 475
389, 475
388, 476
387, 476
386, 477
384, 477
384, 478
382, 478
380, 480
380, 480
380, 482
380, 482
379, 484
379, 484
372, 492
370, 492
370, 492
360, 492
359, 494
357, 494
356, 495
355, 495
352, 497
352, 497
350, 498
349, 498
348, 499
337, 499
336, 500
332, 500
330, 497
328, 497
327, 498
322, 498
320, 497
318, 497
317, 496
314, 496
312, 495
311, 495
310, 494
301, 494
300, 492
297, 492
296, 494
291, 494
290, 495
288, 495
288, 496
286, 496
284, 497
284, 497
282, 499
281, 499
281, 500
278, 502
278, 502
277, 504
277, 507
276, 508
276, 512
275, 512
275, 517
274, 518
274, 519
272, 520
272, 524
272, 524
272, 554
272, 555
272, 560
274, 562
274, 562
275, 564
275, 564
277, 567
277, 568
281, 572
282, 572
282, 572
284, 572
284, 574
288, 574
288, 575
298, 575
300, 574
302, 574
304, 572
304, 572
306, 572
310, 572
311, 572
311, 574
312, 576
312, 577
315, 579
315, 580
316, 580
316, 582
317, 582
317, 584
318, 586
318, 587
320, 588
320, 589
320, 590
322, 590
324, 590
342, 590
342, 590
347, 590
348, 589
356, 589
357, 588
370, 588
372, 586
372, 586
374, 584
377, 584
378, 584
379, 584
380, 582
387, 582
389, 580
390, 580
392, 582
395, 582
396, 580
400, 580
402, 580
402, 579
402, 578
402, 570
402, 569
400, 569
398, 572
396, 572
395, 570
394, 570
392, 569
392, 568
392, 564
394, 562
394, 557
392, 556
392, 552
397, 549
407, 549
408, 550
414, 550
415, 550
417, 550
418, 552
424, 552
426, 550
429, 550
430, 550
432, 550
432, 549
434, 549
435, 548
438, 548
439, 547
440, 547
442, 546
442, 546
444, 544
446, 544
448, 542
449, 542
452, 540
452, 540
459, 534
459, 532
460, 530
460, 528
460, 527
460, 524
460, 522
460, 520
459, 520
459, 519
458, 518
458, 516
457, 515
457, 512
456, 512
456, 510
452, 507
450, 507
450, 506
450, 504
449, 504
448, 504
447, 502
440, 502
440, 504
439, 506
435, 506
434, 504
432, 504
430, 506
429, 506
428, 504
426, 504
424, 504
420, 504
420, 502
419, 502
418, 502
415, 502
414, 502
412, 502
410, 502
410, 500
408, 500
407, 502
399, 502
398, 502
392, 502
392, 504
388, 504
387, 502
382, 502
382, 502
380, 502
379, 500
379, 499
378, 498
378, 496
379, 495
379, 494
380, 492
380, 492
387, 484
388, 484
389, 484
390, 484
392, 482
395, 482
396, 482
402, 482
402, 480
404, 480
406, 479
407, 479
408, 478
409, 478
410, 476
412, 476
412, 475
416, 475
417, 474
418, 474
419, 472
420, 472
422, 472
424, 472
426, 470
427, 470
428, 470
429, 470
430, 469
430, 469
432, 467
434, 467
435, 468
435, 469
439, 472
439, 474
440, 475
440, 476
440, 477
440, 478
442, 480
442, 480
444, 482
444, 482
444, 484
444, 484
449, 489
450, 489
450, 490
454, 490
458, 486
458, 484
459, 484
459, 482
460, 482
460, 480
460, 479
460, 478
462, 477
462, 474
462, 472
462, 462
464, 462
464, 434
462, 432
462, 422
462, 420
462, 414
460, 412
460, 412
460, 410
460, 409
459, 408
459, 404
458, 402
458, 400
457, 400
457, 399
454, 396
454, 395
452, 394
452, 392
452, 392
452, 390
450, 390
450, 382
450, 380
450, 374
449, 372
449, 370
448, 370
448, 366
447, 364
447, 358
446, 357
446, 354
444, 352
444, 350
444, 350
444, 348
442, 347
442, 342
442, 342
442, 339
440, 338
440, 336
440, 335
440, 330
439, 329
439, 324
438, 322
438, 317
437, 316
437, 311
436, 310
436, 298
435, 297
435, 287
434, 286
434, 278
432, 277
432, 272
432, 272
432, 264
430, 264
430, 247
430, 246
430, 232
429, 232
429, 226
428, 224
428, 217
429, 216
429, 210
430, 208
430, 198
429, 198
429, 196
427, 194
427, 192
426, 191
426, 190
424, 188
424, 186
422, 184
422, 182
422, 181
419, 181
418, 180
410, 180
410, 181
408, 181
408, 196
409, 197
409, 201
410, 202
410, 204
410, 204
410, 208
412, 208
412, 217
412, 218
412, 218
412, 220
412, 222
412, 222
412, 228
414, 228
414, 231
415, 232
415, 246
416, 247
416, 262
417, 262
417, 268
418, 268
418, 272
419, 274
419, 281
420, 282
420, 294
420, 295
420, 306
422, 307
422, 312
422, 312
422, 317
424, 318
424, 324
424, 324
424, 330
426, 332
426, 335
427, 336
427, 340
428, 340
428, 350
429, 352
429, 374
428, 375
428, 387
427, 388
427, 392
426, 392
426, 395
424, 396
424, 400
424, 400
424, 404
422, 406
422, 409
422, 410
422, 410
420, 412
420, 414
420, 415
420, 418
419, 419
419, 420
418, 422
418, 422
417, 424
417, 427
416, 428
416, 432
415, 432
415, 434
414, 435
414, 436
412, 437
412, 438
412, 439
412, 442
410, 442
410, 444
408, 447
408, 448
402, 452
402, 454
402, 455
402, 456
400, 457
398, 457
397, 458
397, 460
396, 462
396, 464
394, 467
387, 467
386, 468
384, 468
384, 467
380, 467
380, 468
380, 469
380, 472
380, 472
379, 475
378, 475
376, 477
376, 482
375, 482
375, 484
370, 489
364, 489
362, 490
360, 490
360, 490
359, 490
358, 492
357, 492
356, 492
352, 492
352, 494
340, 494
340, 492
337, 492
334, 496
332, 495
332, 495
330, 494
329, 494
326, 497
318, 497
317, 496
314, 496
312, 495
310, 495
308, 494
291, 494
290, 495
288, 495
288, 496
286, 496
284, 497
284, 497
278, 502
278, 504
277, 504
277, 507
276, 508
276, 510
275, 512
275, 516
274, 517
274, 519
272, 520
272, 524
272, 524
272, 555
272, 556
272, 560
274, 562
274, 562
275, 564
275, 564
276, 566
276, 567
281, 572
282, 572
282, 572
284, 572
284, 574
288, 574
288, 575
298, 575
300, 574
302, 574
304, 572
304, 572
306, 572
310, 572
311, 572
311, 574
312, 576
312, 577
315, 579
315, 580
316, 580
316, 582
317, 582
317, 584
318, 586
318, 587
320, 588
320, 589
324, 594
329, 594
330, 595
335, 595
336, 594
344, 594
344, 592
347, 592
350, 590
360, 590
362, 589
370, 589
372, 586
377, 586
378, 584
379, 584
380, 584
380, 584
382, 582
390, 582
392, 584
398, 584
399, 582
402, 582
402, 582
402, 580
406, 578
406, 577
407, 576
407, 575
408, 574
408, 572
407, 570
407, 570
406, 569
406, 567
404, 566
404, 564
408, 562
408, 560
407, 560
406, 560
404, 560
400, 564
400, 564
398, 566
396, 564
396, 562
395, 560
395, 557
394, 556
394, 552
397, 550
410, 550
410, 550
416, 550
417, 552
427, 552
428, 550
430, 550
430, 550
432, 550
434, 549
435, 549
436, 548
439, 548
440, 547
442, 547
442, 546
444, 546
444, 544
446, 544
447, 544
448, 544
450, 542
450, 542
460, 532
460, 530
460, 529
460, 528
464, 524
460, 522
460, 520
460, 520
460, 519
459, 518
459, 516
458, 515
458, 514
456, 512
456, 510
452, 507
450, 507
450, 506
450, 504
449, 504
444, 504
442, 504
442, 504
440, 506
440, 506
439, 507
420, 507
420, 506
412, 506
410, 504
406, 504
404, 504
400, 504
400, 506
398, 506
397, 507
389, 507
388, 506
386, 506
384, 504
380, 504
379, 502
379, 502
376, 499
375, 499
374, 498
374, 497
375, 496
376, 496
379, 492
379, 492
384, 487
384, 487
387, 484
388, 484
389, 484
390, 484
390, 482
394, 482
395, 482
400, 482
402, 480
402, 480
404, 480
404, 480
406, 479
408, 479
409, 478
410, 478
412, 476
414, 476
415, 475
417, 475
418, 474
420, 474
420, 472
422, 472
422, 472
424, 472
426, 470
427, 470
428, 470
430, 470
432, 468
434, 468
439, 472
439, 474
440, 475
440, 476
440, 477
440, 478
442, 480
442, 480
444, 482
444, 482
446, 484
446, 486
447, 486
449, 488
449, 489
450, 489
450, 490
454, 490
458, 486
458, 484
459, 484
459, 482
460, 482
460, 480
460, 479
460, 478
462, 477
462, 474
462, 472
462, 464
464, 462
464, 432
462, 432
462, 422
462, 422
462, 414
460, 412
460, 412
460, 410
460, 409
459, 408
459, 404
458, 402
458, 400
457, 400
457, 399
455, 397
455, 396
452, 394
452, 392
452, 392
452, 390
450, 389
450, 380
450, 379
450, 372
449, 372
449, 370
448, 370
448, 366
447, 364
447, 359
446, 358
446, 354
444, 352
444, 350
444, 350
444, 347
442, 346
442, 342
442, 342
442, 339
440, 338
440, 335
440, 334
440, 330
439, 329
439, 324
438, 322
438, 317
437, 316
437, 311
436, 310
436, 298
435, 298
435, 287
434, 286
434, 278
432, 278
432, 272
432, 272
432, 264
430, 264
430, 247
430, 246
430, 232
429, 232
429, 226
428, 224
428, 217
429, 216
429, 211
430, 210
430, 198
429, 197
429, 195
428, 194
428, 192
427, 192
427, 191
426, 190
426, 188
424, 187
424, 184
422, 184
422, 182
422, 181
420, 181
419, 180
