558, 200
556, 202
555, 202
552, 204
552, 207
552, 208
552, 214
550, 215
550, 217
550, 218
550, 218
549, 220
549, 222
548, 222
548, 230
547, 231
547, 237
546, 238
546, 246
544, 247
544, 254
544, 255
544, 271
542, 272
542, 282
542, 282
542, 287
540, 288
540, 300
540, 301
540, 317
539, 318
539, 326
538, 327
538, 332
537, 332
537, 340
536, 342
536, 349
535, 350
535, 354
534, 355
534, 358
532, 359
532, 364
532, 364
532, 407
530, 408
530, 412
530, 412
530, 415
529, 416
529, 420
528, 422
528, 424
527, 426
527, 427
526, 428
526, 430
524, 430
524, 444
526, 446
526, 450
527, 452
527, 455
528, 456
528, 459
529, 460
529, 475
530, 476
530, 484
530, 486
530, 498
532, 499
532, 510
532, 510
532, 514
534, 515
534, 517
535, 518
535, 520
536, 520
536, 522
540, 527
542, 527
549, 534
549, 522
548, 520
548, 502
549, 500
549, 500
552, 497
552, 494
554, 492
554, 490
555, 490
555, 489
556, 488
556, 487
557, 486
557, 484
558, 482
558, 480
557, 479
557, 476
556, 475
556, 462
555, 462
555, 452
554, 452
554, 427
552, 426
552, 424
554, 424
554, 382
552, 382
552, 375
554, 374
554, 332
555, 330
555, 318
556, 317
556, 282
557, 281
557, 275
558, 274
558, 262
559, 262
559, 248
558, 248
558, 224
559, 224
559, 216
560, 215
560, 212
560, 212
560, 210
562, 208
562, 206
560, 204
560, 202
486, 141
482, 144
482, 146
479, 148
478, 148
477, 150
470, 150
470, 148
468, 148
467, 148
466, 148
464, 146
462, 146
462, 146
460, 146
459, 146
454, 146
450, 150
452, 151
452, 155
452, 156
452, 156
457, 161
457, 162
458, 162
460, 164
460, 164
462, 164
462, 164
464, 166
464, 166
466, 167
467, 167
468, 168
469, 168
472, 171
472, 172
474, 174
474, 175
475, 176
475, 181
474, 182
474, 182
472, 184
472, 184
472, 186
472, 187
468, 191
467, 191
464, 194
462, 194
462, 195
462, 218
460, 218
460, 228
460, 228
460, 252
459, 254
459, 262
458, 262
458, 267
457, 268
457, 277
456, 278
456, 287
455, 288
455, 290
454, 291
454, 292
452, 294
452, 296
452, 297
452, 301
450, 302
450, 307
450, 308
450, 310
449, 311
449, 312
448, 314
448, 320
447, 322
447, 327
446, 328
446, 332
444, 332
444, 337
444, 338
444, 346
442, 347
442, 352
442, 352
442, 356
440, 357
440, 362
440, 364
440, 370
439, 370
439, 376
438, 377
438, 380
437, 380
437, 386
436, 387
436, 392
435, 394
435, 400
434, 402
434, 404
432, 404
432, 407
432, 408
432, 410
430, 412
430, 415
430, 416
430, 418
429, 419
429, 420
428, 420
428, 422
427, 424
427, 424
426, 426
426, 427
424, 428
424, 430
424, 432
424, 434
422, 435
422, 437
422, 438
422, 439
420, 440
420, 444
420, 444
420, 454
420, 455
420, 456
422, 457
422, 459
422, 460
422, 460
427, 464
427, 467
426, 468
426, 474
424, 475
424, 476
424, 477
424, 480
419, 486
419, 488
418, 489
418, 498
420, 500
420, 500
422, 502
422, 502
424, 502
424, 500
426, 500
427, 500
428, 500
429, 499
432, 499
435, 500
435, 502
436, 504
436, 506
437, 507
437, 509
438, 510
438, 512
439, 512
439, 520
440, 520
440, 528
440, 529
440, 530
442, 532
442, 532
442, 534
442, 537
444, 538
444, 542
444, 542
444, 544
446, 546
446, 547
447, 548
447, 550
448, 550
448, 552
449, 554
449, 555
450, 557
450, 558
452, 559
452, 560
452, 560
452, 562
454, 564
454, 566
455, 567
455, 568
456, 569
456, 575
457, 576
457, 582
460, 584
460, 586
472, 598
472, 599
472, 600
474, 600
475, 600
475, 602
479, 606
479, 607
480, 608
480, 609
480, 610
480, 610
482, 612
482, 614
484, 615
484, 616
484, 617
484, 618
487, 620
487, 622
488, 622
488, 624
489, 624
489, 627
490, 628
490, 630
490, 630
490, 632
492, 632
492, 634
492, 635
492, 636
494, 637
494, 639
567, 639
567, 637
566, 636
566, 632
564, 630
558, 630
554, 626
554, 622
552, 620
552, 620
549, 616
548, 616
546, 614
544, 614
544, 612
542, 612
542, 612
539, 612
538, 610
532, 610
529, 607
528, 607
522, 600
522, 600
519, 597
519, 596
518, 595
518, 592
517, 592
517, 590
516, 589
517, 588
517, 587
518, 586
518, 584
517, 584
517, 582
516, 582
516, 577
507, 568
507, 567
504, 564
504, 564
500, 559
500, 558
499, 557
499, 556
498, 555
498, 554
492, 549
492, 546
492, 544
492, 544
490, 542
490, 540
490, 540
490, 538
489, 537
489, 536
488, 536
487, 535
486, 535
484, 534
484, 530
479, 524
479, 522
478, 522
478, 520
477, 520
477, 519
476, 518
476, 514
474, 512
474, 510
469, 506
469, 504
467, 502
467, 502
466, 500
466, 500
464, 499
464, 498
464, 497
464, 496
462, 495
462, 494
462, 492
462, 490
460, 490
460, 488
460, 487
460, 484
459, 482
459, 466
460, 464
460, 458
460, 457
460, 442
462, 440
462, 436
462, 435
462, 434
467, 430
467, 429
468, 428
468, 427
469, 426
469, 424
470, 422
470, 412
470, 412
470, 372
470, 372
470, 369
469, 368
469, 367
468, 366
468, 362
467, 362
467, 359
466, 358
466, 357
467, 356
467, 348
468, 347
468, 342
469, 340
469, 340
470, 339
470, 336
470, 335
470, 332
472, 330
472, 330
472, 329
472, 324
474, 324
474, 284
475, 282
475, 276
476, 275
476, 266
477, 264
477, 258
478, 258
478, 250
479, 248
479, 242
480, 242
480, 228
480, 227
480, 224
482, 224
482, 220
482, 218
482, 214
484, 212
484, 211
484, 210
484, 208
486, 208
486, 206
487, 204
487, 188
488, 188
488, 184
489, 184
489, 182
490, 182
490, 181
494, 177
495, 178
502, 178
504, 178
512, 178
514, 180
519, 180
520, 181
520, 181
522, 182
530, 182
530, 180
529, 178
529, 177
522, 171
522, 171
520, 170
520, 168
522, 168
524, 168
524, 167
526, 167
527, 166
527, 162
526, 161
524, 161
524, 160
522, 160
520, 158
502, 158
502, 158
500, 158
497, 154
497, 153
496, 152
496, 150
495, 148
495, 148
494, 146
494, 144
492, 144
492, 143
490, 141
320, 102
320, 104
320, 104
320, 106
318, 108
318, 116
318, 116
318, 124
317, 124
317, 144
318, 144
318, 160
318, 161
318, 164
320, 164
320, 168
320, 170
320, 182
322, 184
322, 191
320, 192
320, 195
320, 196
320, 198
318, 198
318, 202
318, 202
318, 204
317, 206
317, 212
316, 214
316, 222
315, 222
315, 230
314, 231
314, 236
312, 237
312, 248
312, 248
312, 264
312, 264
312, 266
312, 267
312, 281
312, 282
312, 290
314, 291
320, 291
322, 292
322, 292
327, 296
327, 297
329, 298
329, 300
332, 302
332, 304
336, 308
336, 308
337, 310
340, 310
340, 311
342, 310
344, 310
350, 302
350, 301
352, 300
352, 294
352, 292
352, 284
354, 284
354, 278
352, 277
352, 272
352, 272
352, 267
350, 266
350, 264
350, 264
350, 262
348, 261
348, 258
347, 258
347, 255
346, 254
346, 252
344, 251
344, 250
344, 248
344, 235
342, 234
342, 230
342, 228
342, 217
340, 216
340, 212
340, 212
340, 204
339, 202
339, 160
338, 158
338, 155
337, 154
337, 151
336, 150
336, 148
335, 146
335, 144
334, 144
334, 140
332, 138
332, 130
332, 128
332, 122
330, 121
330, 108
330, 106
330, 104
329, 103
328, 103
327, 102
557, 204
556, 204
554, 204
554, 206
552, 207
552, 211
552, 212
552, 217
550, 218
550, 218
550, 220
550, 221
549, 222
549, 227
548, 228
548, 241
547, 242
547, 248
546, 248
546, 254
544, 255
544, 262
544, 264
544, 277
542, 278
542, 286
542, 287
542, 295
540, 296
540, 307
540, 308
540, 318
539, 320
539, 328
538, 329
538, 336
537, 337
537, 342
536, 344
536, 350
535, 350
535, 355
534, 356
534, 359
532, 360
532, 369
532, 370
532, 409
530, 410
530, 414
530, 415
530, 430
529, 430
529, 432
528, 432
528, 434
530, 437
530, 438
530, 439
528, 440
528, 442
529, 444
529, 446
528, 447
528, 450
529, 452
529, 459
530, 460
530, 484
530, 486
530, 500
532, 500
532, 509
532, 510
532, 512
534, 514
534, 515
535, 516
535, 518
536, 519
536, 520
542, 527
542, 527
549, 532
549, 534
549, 512
548, 510
548, 500
550, 498
550, 497
552, 496
552, 494
554, 492
554, 490
556, 489
556, 487
557, 486
557, 482
558, 482
558, 480
557, 480
557, 478
556, 477
556, 468
555, 467
555, 454
554, 452
554, 384
552, 384
552, 368
554, 367
554, 350
552, 349
552, 339
554, 338
554, 327
555, 326
555, 291
556, 290
556, 278
557, 278
557, 271
558, 270
558, 237
557, 236
557, 234
558, 232
558, 217
559, 216
559, 212
560, 211
560, 207
559, 206
559, 204
558, 204
