222, 320
221, 320
220, 320
220, 322
221, 322
224, 324
224, 330
224, 330
224, 332
227, 335
227, 336
228, 337
228, 346
228, 347
228, 349
230, 350
230, 350
231, 352
231, 354
232, 355
232, 364
232, 364
232, 366
235, 368
235, 370
236, 370
236, 378
237, 379
237, 380
238, 382
238, 384
240, 384
240, 392
241, 392
241, 395
242, 396
242, 404
242, 406
242, 407
244, 408
244, 427
242, 428
242, 430
241, 432
241, 432
240, 434
240, 449
238, 450
238, 450
237, 452
237, 454
236, 455
236, 457
232, 460
228, 460
228, 460
227, 460
226, 462
224, 462
222, 464
221, 464
217, 468
214, 468
212, 469
212, 469
208, 472
208, 472
207, 472
206, 472
204, 475
202, 475
202, 476
200, 476
198, 477
198, 477
196, 479
195, 479
194, 480
192, 480
188, 484
187, 484
186, 484
184, 484
182, 488
181, 488
178, 490
177, 490
176, 492
162, 492
161, 492
158, 492
156, 495
155, 495
154, 496
148, 496
146, 497
146, 497
144, 499
143, 499
142, 500
141, 500
140, 500
140, 502
138, 504
136, 504
133, 508
128, 508
128, 509
128, 540
134, 547
156, 547
161, 542
162, 542
166, 540
167, 540
168, 539
168, 539
172, 535
175, 535
178, 532
178, 532
180, 530
181, 530
182, 530
182, 530
182, 529
184, 528
184, 528
186, 527
187, 527
188, 526
188, 526
191, 524
192, 524
192, 522
194, 522
198, 519
198, 519
202, 516
202, 516
204, 515
206, 515
210, 510
212, 510
215, 508
216, 508
217, 507
218, 507
221, 504
222, 504
226, 500
227, 500
228, 499
230, 499
234, 495
235, 495
237, 492
238, 492
240, 490
241, 490
244, 487
246, 487
247, 486
247, 484
248, 482
250, 482
251, 482
251, 480
254, 478
254, 477
255, 476
255, 470
256, 470
256, 468
258, 466
261, 469
262, 469
264, 470
264, 470
266, 472
268, 472
268, 472
271, 472
272, 472
272, 472
274, 470
278, 470
278, 470
278, 469
281, 467
282, 467
282, 466
282, 464
284, 462
286, 462
286, 462
287, 460
287, 448
286, 447
286, 444
282, 442
282, 440
278, 436
277, 436
276, 435
275, 435
272, 432
271, 432
270, 430
268, 430
268, 430
268, 429
267, 428
267, 427
264, 424
264, 422
262, 422
262, 419
262, 418
262, 417
261, 416
261, 415
260, 414
260, 409
258, 408
258, 402
258, 400
258, 400
256, 398
256, 397
258, 395
258, 394
258, 392
258, 392
262, 389
262, 382
261, 382
261, 380
260, 380
260, 379
258, 378
258, 374
257, 372
256, 372
252, 369
252, 369
251, 368
248, 368
247, 366
247, 359
246, 358
246, 356
244, 354
244, 352
242, 350
242, 340
242, 339
242, 337
241, 336
241, 335
240, 334
240, 330
241, 330
241, 329
242, 328
242, 328
244, 327
258, 327
260, 326
262, 326
262, 322
261, 320
