118, 292
116, 292
115, 292
113, 295
113, 297
112, 298
113, 298
113, 304
114, 304
114, 306
113, 307
113, 318
112, 320
112, 324
111, 326
111, 330
110, 332
110, 338
108, 339
108, 344
108, 344
108, 354
106, 355
106, 357
106, 358
106, 359
104, 360
104, 362
104, 362
104, 364
103, 364
103, 367
102, 368
102, 369
101, 370
101, 372
100, 374
100, 410
98, 410
98, 424
98, 424
98, 427
96, 428
96, 430
96, 432
96, 434
95, 435
95, 436
93, 438
93, 439
92, 440
92, 440
91, 442
91, 442
88, 444
88, 447
88, 448
88, 476
88, 477
88, 478
90, 479
91, 479
92, 480
93, 480
94, 480
98, 480
100, 480
102, 480
104, 478
104, 477
106, 474
106, 472
110, 470
110, 469
111, 468
111, 464
112, 464
112, 462
114, 460
115, 460
116, 460
118, 460
118, 460
118, 462
120, 464
120, 464
124, 469
124, 470
124, 470
126, 470
126, 470
130, 474
131, 474
133, 476
138, 476
140, 475
168, 475
170, 476
175, 476
176, 477
177, 477
178, 478
182, 478
184, 479
198, 479
200, 480
201, 480
202, 482
202, 482
204, 482
204, 482
206, 484
208, 484
208, 484
212, 484
214, 484
217, 484
218, 482
218, 482
220, 482
221, 482
222, 480
222, 479
222, 478
222, 470
222, 470
222, 460
221, 459
221, 457
218, 455
218, 454
217, 452
215, 452
214, 452
211, 452
210, 454
208, 454
208, 455
207, 455
206, 456
204, 455
204, 452
202, 450
201, 450
198, 450
197, 452
196, 452
195, 452
194, 452
192, 455
191, 455
190, 456
174, 456
172, 455
167, 455
166, 454
162, 454
161, 452
146, 452
146, 452
138, 452
136, 450
134, 450
132, 449
131, 449
123, 440
123, 439
120, 436
120, 435
118, 434
118, 432
115, 429
115, 424
114, 424
114, 422
112, 420
112, 420
113, 419
113, 412
114, 410
114, 406
115, 404
115, 392
116, 390
116, 382
116, 380
116, 378
118, 377
118, 372
118, 370
118, 362
120, 362
120, 356
121, 355
121, 350
122, 349
122, 344
123, 342
123, 330
124, 330
124, 324
124, 322
124, 318
126, 318
126, 312
126, 311
126, 301
126, 300
126, 297
124, 296
124, 295
123, 292
122, 292
121, 292
