329, 200
327, 202
326, 202
324, 202
324, 202
322, 204
320, 204
320, 204
320, 218
320, 220
320, 221
322, 221
324, 218
330, 218
336, 224
336, 234
337, 235
337, 236
339, 238
339, 240
340, 241
340, 257
340, 258
340, 260
342, 262
342, 264
344, 264
344, 281
344, 282
344, 284
346, 284
346, 286
347, 287
347, 290
348, 291
348, 306
346, 308
344, 308
340, 312
340, 312
339, 314
339, 315
338, 316
337, 316
336, 317
336, 322
344, 330
352, 330
352, 330
354, 330
355, 330
356, 330
360, 336
362, 336
362, 337
362, 338
364, 338
364, 339
366, 339
370, 342
372, 342
375, 346
376, 346
377, 347
378, 347
380, 349
380, 350
380, 350
382, 350
386, 355
388, 355
389, 356
390, 356
390, 357
390, 358
392, 358
392, 359
395, 359
396, 360
397, 360
399, 362
400, 362
400, 362
402, 362
404, 366
406, 366
407, 367
409, 367
410, 368
410, 368
412, 369
412, 370
412, 370
414, 370
415, 372
416, 372
417, 372
417, 374
418, 374
419, 375
420, 375
422, 376
422, 376
424, 377
424, 378
424, 378
426, 379
430, 379
435, 374
435, 372
436, 372
436, 370
437, 370
438, 370
438, 368
439, 367
439, 359
438, 358
438, 357
435, 354
435, 352
434, 352
434, 350
432, 349
432, 348
430, 347
430, 344
430, 344
429, 344
424, 340
418, 340
417, 339
416, 339
414, 337
412, 337
412, 336
406, 336
402, 332
400, 332
399, 330
398, 330
396, 329
395, 329
394, 328
392, 328
389, 324
386, 324
382, 320
377, 320
375, 318
375, 317
372, 314
372, 312
370, 312
370, 311
368, 308
368, 307
367, 306
367, 304
362, 301
362, 292
360, 290
360, 288
359, 287
359, 278
358, 277
358, 275
357, 274
357, 272
356, 272
356, 271
355, 270
355, 264
357, 262
362, 262
362, 262
364, 262
366, 261
366, 258
367, 258
367, 250
364, 247
362, 247
362, 246
358, 246
357, 244
354, 244
350, 242
350, 231
350, 230
350, 228
348, 227
348, 226
347, 224
347, 217
346, 216
346, 214
344, 212
344, 212
344, 211
344, 208
342, 207
342, 204
339, 201
338, 201
337, 200
614, 520
612, 520
612, 520
612, 522
610, 524
609, 524
608, 524
608, 526
606, 528
604, 528
600, 532
600, 557
600, 558
600, 559
602, 559
602, 560
604, 560
606, 562
607, 562
608, 562
609, 562
610, 564
612, 564
612, 564
614, 564
615, 566
628, 566
629, 567
632, 567
634, 568
635, 568
637, 570
639, 570
639, 520
