296, 244
295, 244
292, 244
292, 246
292, 247
291, 248
291, 252
292, 252
292, 252
294, 254
295, 254
296, 255
297, 255
300, 258
300, 274
298, 275
298, 277
297, 278
297, 282
296, 282
296, 291
295, 292
295, 294
294, 295
294, 296
292, 297
292, 298
292, 300
292, 307
291, 308
291, 310
288, 312
288, 314
288, 315
288, 322
287, 322
287, 326
286, 327
286, 330
284, 330
284, 332
284, 334
284, 339
282, 340
282, 340
282, 342
282, 342
280, 344
280, 346
278, 348
276, 348
275, 349
274, 349
272, 350
271, 350
270, 352
268, 352
264, 355
262, 355
261, 356
260, 355
258, 355
258, 354
258, 355
257, 356
257, 362
256, 364
256, 372
257, 374
257, 375
261, 379
262, 379
266, 382
284, 382
288, 379
292, 379
297, 382
298, 382
301, 386
302, 386
302, 387
307, 387
308, 388
308, 388
311, 390
312, 390
312, 390
316, 390
317, 392
318, 392
320, 394
320, 394
322, 395
326, 395
327, 396
328, 396
330, 398
330, 398
332, 399
338, 399
340, 402
342, 402
342, 402
346, 402
348, 404
349, 404
350, 406
352, 406
352, 407
374, 407
375, 408
377, 408
378, 409
379, 409
380, 410
380, 410
382, 410
392, 410
399, 404
399, 389
398, 388
398, 387
396, 384
395, 384
394, 384
392, 384
390, 382
390, 382
389, 382
388, 382
386, 380
380, 380
379, 379
370, 379
370, 380
364, 380
364, 380
362, 380
360, 382
357, 382
355, 380
350, 380
349, 380
346, 380
344, 379
344, 379
342, 377
340, 377
339, 376
332, 376
332, 375
330, 375
330, 374
329, 374
328, 372
326, 372
324, 372
318, 372
317, 370
310, 370
308, 369
308, 368
306, 366
306, 364
304, 362
304, 362
302, 360
302, 358
302, 357
302, 355
301, 354
301, 352
300, 352
300, 350
298, 350
298, 348
298, 347
298, 339
298, 338
298, 337
298, 335
297, 334
297, 332
296, 332
296, 328
297, 327
297, 326
298, 324
298, 322
298, 322
298, 310
300, 308
300, 308
302, 306
302, 304
302, 302
302, 297
306, 294
306, 292
307, 292
307, 282
308, 281
308, 280
310, 278
310, 277
311, 276
311, 266
312, 264
312, 262
312, 262
312, 261
314, 260
314, 258
315, 257
315, 250
316, 248
316, 247
317, 246
316, 244
315, 244
314, 244
