301, 138
300, 140
297, 140
296, 141
296, 142
295, 143
295, 144
291, 148
291, 152
292, 153
292, 154
292, 155
292, 156
298, 161
298, 162
298, 162
298, 164
300, 164
300, 166
304, 171
306, 171
307, 172
308, 172
310, 174
310, 175
311, 176
311, 178
310, 180
310, 182
308, 182
308, 184
308, 184
308, 190
307, 191
307, 192
304, 194
304, 195
304, 196
304, 198
302, 200
302, 202
300, 204
300, 211
298, 212
298, 212
297, 215
297, 216
296, 217
296, 222
292, 224
292, 226
292, 227
292, 234
291, 235
291, 236
288, 238
288, 238
288, 240
288, 244
287, 244
287, 246
284, 248
284, 254
282, 255
282, 256
281, 258
281, 258
280, 260
280, 264
277, 268
277, 268
276, 270
276, 275
275, 276
275, 277
272, 278
272, 280
272, 281
272, 286
271, 287
271, 288
268, 291
268, 292
268, 292
268, 297
264, 300
264, 301
264, 302
264, 306
261, 308
261, 310
260, 311
260, 317
257, 320
257, 320
256, 322
256, 326
255, 327
255, 328
252, 330
252, 332
248, 335
244, 335
244, 334
238, 334
237, 335
235, 335
234, 336
232, 336
232, 337
230, 337
224, 342
222, 342
222, 344
221, 344
217, 348
216, 348
212, 350
212, 352
212, 352
212, 374
216, 378
216, 379
217, 380
218, 380
218, 380
218, 382
220, 382
221, 382
224, 387
228, 387
230, 388
231, 388
232, 390
234, 390
235, 390
254, 390
257, 388
258, 388
258, 387
262, 387
262, 386
262, 384
264, 382
266, 382
271, 378
272, 378
272, 377
274, 375
274, 374
275, 372
275, 372
276, 370
276, 370
277, 369
278, 369
280, 370
281, 370
286, 376
290, 376
292, 378
292, 378
294, 379
298, 379
300, 380
302, 380
304, 382
324, 382
326, 384
329, 384
330, 384
330, 384
332, 386
335, 386
336, 387
349, 387
350, 388
352, 388
354, 389
356, 389
357, 390
360, 390
360, 390
392, 390
394, 392
397, 392
398, 392
400, 392
400, 394
408, 394
409, 395
432, 395
432, 396
435, 396
436, 397
438, 397
439, 398
444, 398
446, 399
448, 399
449, 400
450, 400
452, 402
455, 402
456, 404
458, 404
460, 407
462, 407
464, 410
466, 410
467, 410
468, 410
469, 412
470, 412
472, 414
474, 414
475, 415
495, 415
496, 414
497, 414
499, 412
500, 412
500, 410
502, 410
504, 410
504, 410
510, 404
510, 404
510, 402
510, 402
512, 400
512, 400
512, 399
514, 399
514, 398
515, 397
515, 396
519, 392
520, 392
520, 390
522, 390
527, 387
527, 375
526, 374
526, 372
524, 370
524, 370
524, 369
524, 368
522, 367
522, 358
520, 356
504, 356
504, 355
500, 355
500, 354
499, 354
498, 352
496, 352
495, 352
469, 352
468, 352
466, 352
464, 355
462, 355
462, 356
457, 356
452, 360
450, 360
450, 360
449, 360
442, 368
409, 368
408, 367
404, 367
402, 366
400, 366
399, 364
394, 364
392, 364
378, 364
377, 362
372, 362
372, 362
370, 362
370, 360
362, 360
362, 360
342, 360
340, 359
336, 359
335, 358
329, 358
328, 359
320, 359
320, 358
317, 358
315, 356
314, 356
311, 352
311, 350
308, 347
308, 346
307, 344
307, 340
306, 340
306, 339
304, 337
304, 336
302, 335
302, 332
302, 330
302, 329
300, 327
300, 326
298, 324
298, 320
298, 320
298, 318
296, 317
296, 316
295, 315
295, 312
294, 311
294, 310
292, 308
292, 307
291, 306
291, 300
290, 298
290, 296
288, 295
288, 292
290, 292
290, 291
291, 290
291, 286
292, 284
292, 284
294, 282
294, 281
295, 280
295, 277
296, 276
296, 274
297, 272
297, 272
298, 271
298, 270
298, 268
298, 264
300, 262
300, 261
302, 258
302, 250
304, 248
304, 248
306, 246
306, 244
307, 244
307, 238
308, 238
308, 236
310, 234
310, 232
311, 232
311, 231
312, 230
312, 228
315, 226
315, 221
316, 220
316, 217
318, 214
318, 212
320, 212
320, 211
320, 210
324, 210
326, 212
326, 212
329, 216
329, 217
332, 220
332, 222
332, 222
332, 226
334, 227
334, 228
335, 228
335, 230
336, 231
336, 232
337, 232
340, 232
340, 232
342, 232
344, 231
346, 231
349, 228
349, 227
350, 224
350, 215
350, 214
350, 212
348, 210
348, 208
347, 207
347, 202
349, 200
350, 200
352, 202
355, 202
356, 201
356, 198
357, 198
357, 196
358, 195
358, 192
356, 191
355, 191
354, 190
352, 190
350, 191
349, 191
348, 190
347, 190
346, 188
344, 190
344, 190
342, 192
340, 192
340, 192
339, 192
336, 196
336, 197
332, 200
332, 200
330, 201
330, 201
327, 204
327, 204
326, 206
324, 204
324, 204
324, 202
324, 200
324, 198
324, 198
326, 197
326, 196
327, 195
327, 192
328, 191
328, 188
330, 187
330, 186
330, 184
330, 178
332, 178
332, 175
335, 172
335, 171
336, 170
336, 168
337, 168
337, 166
340, 162
340, 160
340, 158
340, 148
338, 146
337, 146
336, 144
335, 144
334, 144
328, 144
327, 143
324, 143
322, 142
322, 142
320, 141
318, 141
317, 140
304, 140
304, 138
