360, 208
360, 208
358, 208
358, 210
359, 210
360, 211
360, 211
364, 214
366, 214
367, 215
377, 215
380, 218
380, 222
379, 222
379, 224
377, 226
377, 227
376, 228
376, 231
375, 232
375, 234
372, 237
372, 244
368, 248
368, 254
367, 255
367, 256
364, 258
364, 258
364, 260
364, 262
362, 264
362, 266
360, 268
360, 274
357, 277
357, 278
356, 278
356, 281
355, 282
355, 282
352, 286
352, 287
348, 291
348, 292
339, 302
339, 302
338, 304
337, 304
337, 304
336, 306
336, 314
340, 318
354, 318
355, 318
355, 317
357, 315
358, 315
359, 314
359, 312
362, 308
364, 308
364, 308
368, 311
368, 312
369, 312
369, 316
370, 316
370, 312
370, 312
370, 310
372, 308
375, 308
376, 308
377, 308
378, 310
380, 310
380, 311
386, 311
387, 310
389, 310
390, 308
390, 308
392, 308
395, 308
396, 307
419, 307
420, 306
422, 306
422, 304
426, 304
427, 306
429, 306
430, 307
435, 307
436, 308
439, 308
440, 307
442, 307
447, 302
447, 302
450, 298
450, 297
452, 296
452, 295
452, 294
452, 288
452, 288
452, 286
450, 284
450, 281
450, 281
449, 280
444, 280
444, 281
442, 281
440, 282
440, 282
439, 282
438, 282
437, 284
434, 284
432, 286
430, 286
430, 287
429, 287
428, 288
427, 288
426, 288
422, 288
420, 287
420, 286
419, 284
418, 284
417, 284
410, 284
409, 284
408, 284
407, 286
406, 286
404, 287
404, 287
402, 288
392, 288
390, 288
388, 288
387, 290
386, 290
384, 291
384, 291
382, 292
377, 292
370, 286
370, 282
368, 278
368, 276
369, 275
370, 275
370, 274
370, 272
370, 266
375, 262
375, 258
378, 255
380, 255
382, 254
382, 254
386, 251
386, 250
387, 248
386, 248
386, 247
382, 244
382, 244
380, 242
382, 240
382, 238
382, 238
382, 236
384, 235
384, 234
386, 232
386, 231
387, 230
387, 221
390, 218
390, 218
392, 216
394, 216
395, 215
397, 215
398, 214
398, 212
397, 212
395, 212
394, 211
392, 211
392, 210
390, 210
390, 208
388, 208
387, 208
211, 204
210, 204
208, 204
208, 206
208, 207
208, 211
208, 212
208, 212
211, 215
211, 216
212, 217
212, 226
212, 227
212, 228
214, 228
214, 231
215, 232
215, 234
212, 236
212, 240
214, 241
214, 242
215, 242
216, 242
220, 242
221, 244
222, 244
224, 246
224, 246
228, 248
228, 251
228, 252
228, 252
232, 256
232, 268
228, 272
228, 274
226, 276
202, 276
201, 275
200, 275
198, 272
195, 272
194, 272
188, 272
188, 272
186, 272
184, 274
184, 274
182, 275
181, 275
180, 276
162, 276
162, 277
161, 277
161, 278
160, 278
160, 286
168, 295
176, 295
177, 294
178, 294
180, 292
181, 292
182, 291
195, 291
196, 290
201, 290
202, 288
204, 288
204, 288
224, 288
224, 287
226, 288
232, 288
232, 288
234, 288
236, 291
237, 291
238, 292
238, 291
240, 291
241, 290
242, 290
242, 291
244, 291
246, 292
247, 292
248, 294
250, 294
251, 295
261, 295
262, 294
262, 294
262, 292
264, 291
266, 291
267, 290
268, 290
268, 288
275, 288
276, 288
277, 288
278, 287
280, 287
281, 286
282, 286
282, 284
282, 282
282, 281
282, 280
282, 278
281, 277
280, 277
278, 275
277, 275
274, 272
272, 272
268, 268
268, 267
267, 266
267, 264
262, 261
262, 258
258, 254
258, 251
258, 250
258, 248
255, 246
255, 244
254, 242
254, 242
252, 240
252, 238
251, 238
251, 237
250, 236
250, 235
248, 235
248, 234
248, 232
247, 231
247, 228
244, 226
244, 224
242, 224
242, 221
242, 220
241, 220
240, 218
240, 218
238, 217
238, 208
242, 206
244, 206
244, 204
241, 204
240, 204
