208, 255
207, 256
202, 256
201, 257
200, 257
198, 258
198, 258
198, 260
196, 260
194, 258
192, 258
191, 260
191, 264
192, 266
192, 267
192, 268
192, 268
194, 270
194, 276
195, 277
195, 284
196, 286
196, 314
195, 315
195, 318
194, 320
194, 320
192, 322
192, 326
192, 327
192, 339
191, 340
191, 342
188, 344
188, 349
188, 350
188, 358
187, 359
187, 360
186, 362
186, 362
184, 364
184, 366
184, 367
184, 377
182, 378
182, 380
182, 380
182, 382
181, 382
181, 384
180, 386
180, 399
178, 400
178, 404
178, 404
178, 407
177, 408
177, 410
176, 410
176, 420
175, 420
175, 424
174, 424
174, 426
172, 427
172, 428
172, 429
172, 434
171, 435
171, 436
168, 438
168, 440
168, 440
168, 444
167, 446
167, 450
166, 450
166, 452
164, 452
164, 455
164, 456
164, 466
162, 467
162, 470
162, 470
162, 472
161, 472
161, 476
160, 477
160, 486
158, 487
158, 489
153, 495
151, 495
150, 496
146, 496
144, 497
142, 497
136, 502
136, 504
136, 504
136, 506
134, 508
133, 508
132, 509
132, 510
131, 510
131, 512
130, 512
128, 512
128, 514
126, 517
124, 517
124, 519
124, 520
124, 522
123, 524
123, 529
122, 530
122, 539
123, 540
123, 542
124, 542
124, 544
132, 552
132, 554
133, 555
134, 555
136, 558
138, 558
138, 559
144, 559
146, 560
146, 560
148, 562
150, 562
151, 562
178, 562
178, 562
181, 562
182, 560
182, 560
184, 559
187, 559
188, 558
188, 558
191, 556
192, 556
192, 555
194, 555
202, 546
202, 544
204, 542
206, 542
207, 542
207, 538
208, 537
208, 536
208, 535
208, 534
212, 530
214, 530
216, 528
220, 528
222, 530
222, 530
224, 530
227, 530
228, 532
228, 532
231, 534
232, 534
237, 539
238, 539
242, 542
242, 542
244, 544
246, 544
248, 547
250, 547
251, 548
252, 548
254, 550
256, 550
257, 550
324, 550
326, 550
349, 550
350, 550
382, 550
382, 552
435, 552
436, 550
470, 550
470, 552
472, 552
472, 552
474, 552
475, 554
476, 554
477, 555
479, 555
480, 556
482, 556
482, 557
484, 557
486, 558
492, 558
492, 559
502, 559
504, 560
517, 560
518, 559
524, 559
524, 558
526, 558
528, 556
529, 556
530, 555
532, 555
537, 550
538, 550
539, 550
539, 549
540, 547
542, 547
542, 546
542, 544
547, 540
547, 538
548, 537
548, 536
550, 534
550, 532
550, 532
550, 527
552, 526
552, 524
552, 524
554, 524
555, 522
558, 522
559, 522
559, 517
556, 514
556, 512
555, 510
555, 507
554, 506
554, 504
552, 502
552, 502
549, 499
548, 499
547, 498
547, 497
546, 497
544, 496
544, 496
542, 495
542, 495
540, 492
539, 492
538, 492
537, 492
536, 490
535, 490
532, 489
532, 489
530, 488
529, 488
528, 487
527, 487
526, 486
524, 486
524, 484
522, 484
520, 484
475, 484
474, 484
472, 484
470, 487
469, 487
468, 488
466, 488
464, 489
464, 489
460, 492
460, 492
459, 492
458, 492
455, 496
454, 496
449, 500
448, 500
444, 504
442, 504
442, 504
437, 504
436, 504
432, 504
430, 504
424, 504
424, 506
422, 506
420, 507
418, 507
417, 508
414, 508
412, 509
407, 509
406, 510
390, 510
390, 510
382, 510
380, 510
370, 510
370, 510
364, 510
362, 512
359, 512
358, 512
347, 512
346, 512
342, 512
342, 512
340, 512
340, 512
332, 512
332, 510
324, 510
322, 510
320, 510
320, 510
304, 510
304, 512
298, 512
298, 510
281, 510
280, 510
277, 510
276, 509
272, 509
271, 508
255, 508
254, 509
252, 509
251, 508
247, 508
246, 507
244, 507
244, 506
244, 504
242, 504
242, 504
238, 500
237, 500
228, 492
228, 492
224, 489
224, 489
222, 488
222, 488
218, 484
217, 484
212, 480
212, 480
208, 476
207, 476
206, 475
204, 475
202, 472
201, 472
200, 470
198, 470
196, 468
195, 468
192, 466
192, 464
192, 464
192, 462
191, 462
191, 452
192, 452
192, 448
192, 447
192, 446
194, 444
194, 439
192, 438
192, 437
192, 436
192, 435
191, 434
191, 427
192, 426
192, 422
192, 422
192, 420
194, 420
194, 418
195, 417
195, 404
196, 404
196, 402
197, 400
197, 400
198, 399
198, 397
198, 396
198, 382
200, 380
200, 379
201, 378
201, 377
202, 376
202, 374
202, 372
202, 360
204, 360
204, 357
204, 356
204, 355
206, 354
206, 350
207, 350
207, 334
208, 332
208, 330
208, 329
208, 327
210, 326
210, 324
211, 322
211, 316
212, 315
212, 312
212, 311
212, 310
214, 308
214, 306
215, 304
215, 294
216, 292
216, 288
217, 288
217, 284
218, 284
218, 278
218, 278
218, 257
218, 256
214, 256
212, 255
40, 468
39, 469
37, 469
37, 470
36, 470
35, 470
34, 472
33, 472
29, 476
26, 476
21, 480
20, 480
20, 482
18, 484
17, 484
16, 484
16, 486
14, 488
13, 488
12, 489
11, 489
9, 490
0, 490
0, 522
1, 522
2, 522
7, 522
8, 522
11, 522
12, 520
15, 520
16, 520
22, 520
25, 522
26, 522
30, 527
36, 527
37, 528
38, 528
40, 530
41, 530
42, 530
58, 530
59, 530
61, 530
63, 528
64, 528
64, 527
72, 527
73, 526
74, 526
76, 522
78, 522
86, 514
86, 512
88, 510
90, 510
91, 510
91, 508
92, 507
92, 504
95, 502
95, 500
96, 500
96, 499
96, 498
98, 498
98, 496
98, 495
98, 484
98, 482
98, 476
96, 475
96, 472
96, 472
96, 470
94, 468
