374, 228
372, 228
370, 228
370, 230
369, 230
367, 232
366, 232
364, 232
362, 232
362, 234
360, 234
359, 235
356, 235
355, 236
350, 236
350, 237
348, 237
346, 238
344, 238
344, 240
342, 240
340, 242
340, 242
340, 244
340, 248
340, 248
340, 251
342, 252
342, 256
344, 257
344, 261
344, 262
344, 264
347, 266
347, 270
348, 271
348, 278
349, 278
349, 280
350, 281
350, 282
350, 282
350, 286
352, 287
352, 294
352, 295
352, 297
355, 298
355, 301
356, 302
356, 307
357, 308
357, 310
359, 312
359, 314
360, 315
360, 320
360, 322
360, 322
362, 324
362, 327
364, 328
364, 335
364, 336
364, 337
366, 338
366, 339
367, 340
367, 340
368, 342
368, 349
369, 350
369, 350
370, 350
370, 352
370, 352
372, 354
372, 360
372, 362
372, 362
375, 364
375, 367
376, 368
376, 372
377, 374
377, 375
378, 375
379, 376
379, 377
380, 378
380, 386
382, 388
382, 389
382, 390
382, 390
384, 392
384, 402
384, 404
384, 407
386, 408
386, 412
384, 412
384, 415
384, 416
384, 420
382, 422
382, 422
380, 426
380, 428
379, 429
379, 430
376, 432
376, 434
372, 438
372, 439
367, 444
367, 444
362, 450
360, 450
360, 450
356, 450
355, 450
354, 450
352, 449
350, 449
350, 448
338, 448
337, 447
335, 447
334, 446
332, 446
332, 444
330, 444
330, 444
322, 444
320, 442
318, 442
318, 442
317, 442
316, 440
315, 440
314, 440
306, 440
304, 439
304, 439
302, 438
302, 438
301, 437
298, 437
298, 436
292, 436
291, 435
290, 435
288, 434
288, 434
287, 432
286, 432
284, 432
278, 432
278, 430
276, 430
274, 429
272, 429
271, 428
262, 428
262, 427
261, 427
260, 426
258, 426
258, 424
255, 424
254, 424
246, 424
242, 420
241, 420
238, 418
238, 417
238, 416
237, 416
235, 414
235, 412
234, 412
232, 412
231, 410
231, 409
230, 408
228, 408
224, 404
222, 404
222, 404
212, 404
211, 402
207, 402
206, 404
197, 404
194, 407
192, 407
192, 408
191, 408
190, 409
188, 409
188, 410
188, 410
188, 430
188, 430
188, 432
191, 435
191, 436
192, 437
192, 438
192, 439
194, 439
195, 440
195, 440
201, 447
202, 447
204, 450
206, 450
207, 450
210, 450
211, 452
214, 452
215, 452
216, 452
217, 454
218, 454
220, 455
224, 455
228, 458
228, 458
230, 459
234, 459
235, 460
240, 460
241, 460
244, 460
244, 462
247, 462
248, 462
255, 462
256, 464
257, 464
258, 466
260, 466
261, 467
268, 467
268, 468
270, 468
272, 470
278, 470
280, 472
281, 472
282, 474
284, 474
284, 475
291, 475
292, 476
294, 476
297, 479
302, 479
304, 482
306, 482
307, 482
314, 482
315, 484
316, 484
318, 486
318, 486
320, 487
326, 487
327, 488
328, 488
330, 490
332, 490
332, 490
376, 490
377, 492
386, 492
388, 494
389, 494
390, 496
390, 497
392, 498
392, 500
396, 504
396, 506
397, 507
398, 507
404, 512
404, 514
404, 515
406, 515
408, 517
408, 518
409, 519
410, 519
412, 520
412, 522
412, 522
414, 522
415, 524
416, 524
418, 526
419, 526
420, 527
430, 527
430, 528
439, 528
440, 527
450, 527
452, 526
452, 526
455, 524
456, 524
457, 522
458, 522
460, 520
462, 520
464, 518
464, 518
466, 517
466, 516
470, 512
470, 510
470, 510
470, 509
475, 504
475, 492
474, 490
474, 489
470, 486
470, 484
470, 484
470, 482
469, 482
468, 482
468, 480
459, 472
459, 470
454, 466
454, 464
452, 464
452, 464
450, 464
450, 462
449, 462
448, 462
447, 462
446, 460
444, 460
442, 460
435, 460
434, 459
432, 459
432, 458
432, 457
430, 456
430, 454
430, 452
430, 452
429, 452
428, 450
428, 450
427, 449
427, 446
422, 442
422, 439
422, 438
422, 437
420, 435
420, 434
419, 432
419, 424
418, 422
418, 420
415, 418
415, 414
414, 412
414, 412
412, 412
412, 410
412, 410
410, 409
410, 402
410, 400
410, 400
408, 398
408, 396
407, 395
407, 388
406, 387
406, 386
404, 384
404, 382
402, 382
402, 375
404, 374
404, 372
404, 372
407, 372
408, 370
410, 370
414, 367
414, 366
415, 364
414, 364
414, 362
412, 360
412, 360
412, 359
412, 358
410, 357
410, 352
410, 350
410, 349
407, 346
407, 340
406, 340
406, 339
404, 337
404, 336
402, 335
402, 334
400, 332
398, 332
397, 330
395, 330
394, 330
392, 330
392, 329
390, 329
390, 328
389, 328
388, 327
388, 326
387, 324
387, 322
386, 320
386, 318
384, 317
384, 315
382, 314
382, 306
382, 304
382, 304
380, 304
380, 302
380, 302
379, 301
379, 296
377, 294
377, 292
376, 292
376, 291
375, 290
375, 284
374, 284
374, 282
372, 282
372, 281
372, 280
372, 278
370, 278
370, 272
370, 271
370, 270
369, 268
369, 267
368, 266
368, 258
367, 258
368, 257
368, 255
370, 252
372, 252
372, 251
378, 251
379, 250
382, 250
382, 248
384, 248
386, 248
387, 248
388, 247
390, 247
392, 244
394, 244
395, 242
396, 242
398, 241
399, 241
400, 240
400, 240
402, 238
404, 238
407, 237
407, 232
406, 232
406, 231
404, 230
404, 230
402, 228
398, 228
397, 228
